"","latitude","longitude","WordCount","English","Common","Tagalog","Bikol","Cebuano","Hiligaynon","Ilocano","Kapampangan","Pangasinense","Waray","Zam","Spanish"
"20","""20.45164941""","""121.9671742""",7,1,0,0,3,0,0,0,0,0,0,0,0
"77","""20.45164941""","""121.9671742""",7,1,0,0,3,0,0,0,0,0,0,0,0
"106","""20.45164941""","""121.9671742""",7,1,0,0,3,0,0,0,0,0,0,0,0
"48670","""20.45164941""","""121.9671742""",7,1,0,0,3,0,0,0,0,0,0,0,0
"94831","""8.19183664""","""124.17909375""",13,8,2,0,3,0,0,0,0,0,0,0,0
"94857","""8.19183664""","""124.17909375""",13,8,2,0,3,0,0,0,0,0,0,0,0
"112037","""17.6457346""","""121.7445842""",8,2,0,0,4,0,0,0,0,0,0,0,0
"112168","""17.6457346""","""121.7445842""",8,2,0,0,4,0,0,0,0,0,0,0,0
"133186","""13.3553527""","""123.3656383""",18,3,8,0,3,0,0,1,0,0,0,0,1
"147867","""9.7346661""","""118.7355922""",7,1,0,0,4,0,0,0,0,0,1,0,0
"148004","""9.7346661""","""118.7355922""",7,1,0,0,4,0,0,0,0,0,1,0,0
"148734","""9.7346661""","""118.7355922""",7,1,0,0,4,0,0,0,0,0,1,0,0
"191091","""13.6571994""","""123.2049712""",18,0,13,0,3,0,0,0,0,0,0,0,0
"23283","""11.1843763""","""123.9449143""",10,1,5,0,0,3,0,0,0,0,0,0,0
"23908","""11.1843763""","""123.9449143""",10,1,5,0,0,3,0,0,0,0,0,0,0
"24098","""11.1843763""","""123.9449143""",10,1,5,0,0,3,0,0,0,0,0,0,0
"26514","""10.3855353""","""123.9181348""",20,4,10,0,0,3,0,0,0,0,0,0,0
"28934","""9.30972424""","""123.30284592""",8,0,3,0,0,3,0,0,0,0,0,0,0
"29131","""9.30972424""","""123.30284592""",8,0,3,0,0,3,0,0,0,0,0,0,0
"30024","""9.30972424""","""123.30284592""",8,0,3,0,0,3,0,0,0,0,0,0,0
"30200","""9.30972424""","""123.30284592""",8,0,3,0,0,3,0,0,0,0,0,0,0
"30371","""9.30972424""","""123.30284592""",8,0,3,0,0,3,0,0,0,0,0,0,0
"32288","""8.5818366""","""123.3387136""",15,4,6,0,0,3,0,0,0,0,0,0,0
"32451","""8.5818366""","""123.3387136""",15,4,6,0,0,3,0,0,0,0,0,0,0
"32610","""8.5818366""","""123.3387136""",15,4,6,0,0,3,0,0,0,0,0,0,0
"32704","""8.5757758""","""124.370094""",6,0,0,0,0,3,0,0,0,0,1,0,0
"34130","""8.43666856""","""125.98443761""",12,4,3,0,0,3,0,0,1,0,0,0,0
"34164","""8.43666856""","""125.98443761""",12,4,3,0,0,3,0,0,1,0,0,0,0
"34319","""8.22356137""","""124.25303915""",16,3,6,1,0,3,0,0,0,0,0,0,0
"34542","""8.22356137""","""124.25303915""",16,3,6,1,0,3,0,0,0,0,0,0,0
"34886","""8.1208824""","""125.1278213""",21,7,5,0,0,4,0,0,0,0,0,0,0
"34888","""8.1208824""","""125.1278213""",12,3,1,0,0,4,1,1,0,0,0,0,0
"35064","""8.1208824""","""125.1278213""",21,7,5,0,0,4,0,0,0,0,0,0,0
"35066","""8.1208824""","""125.1278213""",12,3,1,0,0,4,1,1,0,0,0,0,0
"35240","""8.1208824""","""125.1278213""",21,7,5,0,0,4,0,0,0,0,0,0,0
"35242","""8.1208824""","""125.1278213""",12,3,1,0,0,4,1,1,0,0,0,0,0
"43626","""7.0430969""","""125.5692458""",12,4,2,1,0,3,0,0,0,0,0,0,1
"44151","""7.0430969""","""125.5692458""",12,4,2,1,0,3,0,0,0,0,0,0,1
"44531","""7.0430969""","""125.5692458""",12,4,2,1,0,3,0,0,0,0,0,0,1
"81175","""11.1843763""","""123.9449143""",10,1,5,0,0,3,0,0,0,0,0,0,0
"81363","""11.1843763""","""123.9449143""",10,1,5,0,0,3,0,0,0,0,0,0,0
"86013","""10.3855353""","""123.9181348""",20,4,10,0,0,3,0,0,0,0,0,0,0
"86494","""10.1406832""","""123.6482371""",8,3,1,0,0,3,0,0,0,0,0,0,0
"86876","""10.1406832""","""123.6482371""",8,3,1,0,0,3,0,0,0,0,0,0,0
"87050","""10.1406832""","""123.6482371""",8,3,1,0,0,3,0,0,0,0,0,0,0
"92584","""8.5757758""","""124.370094""",6,0,0,0,0,3,0,0,0,0,1,0,0
"93318","""8.24910278""","""123.84432983""",5,1,1,0,0,3,0,0,0,0,0,0,0
"93507","""8.24910278""","""123.84432983""",5,1,1,0,0,3,0,0,0,0,0,0,0
"94895","""8.1217679""","""125.1277002""",8,2,2,0,0,3,0,0,0,0,0,0,0
"95052","""8.1217679""","""125.1277002""",8,2,2,0,0,3,0,0,0,0,0,0,0
"95209","""8.1217679""","""125.1277002""",8,2,2,0,0,3,0,0,0,0,0,0,0
"101177","""7.0174521""","""125.090316""",14,0,9,0,0,3,0,0,0,0,0,0,1
"102435","""7.0174521""","""125.090316""",14,0,9,0,0,3,0,0,0,0,0,0,1
"102875","""7.0174521""","""125.090316""",14,0,9,0,0,3,0,0,0,0,0,0,1
"103241","""7.0174521""","""125.090316""",14,0,9,0,0,3,0,0,0,0,0,0,1
"128358","""13.9202626""","""122.103396""",17,6,5,1,0,3,0,1,0,0,0,0,0
"128568","""13.9202626""","""122.103396""",17,6,5,1,0,3,0,1,0,0,0,0,0
"128692","""13.9202626""","""122.103396""",17,6,5,1,0,3,0,1,0,0,0,0,0
"129980","""13.9202626""","""122.103396""",17,6,5,1,0,3,0,1,0,0,0,0,0
"143763","""10.5212268""","""124.0099478""",8,3,1,0,0,3,0,0,0,0,0,0,0
"143867","""10.3556706""","""123.9148762""",10,2,3,0,0,3,1,0,0,0,0,0,0
"144525","""10.5212268""","""124.0099478""",8,3,1,0,0,3,0,0,0,0,0,0,0
"144661","""10.3556706""","""123.9148762""",10,2,3,0,0,3,1,0,0,0,0,0,0
"144966","""10.5212268""","""124.0099478""",8,3,1,0,0,3,0,0,0,0,0,0,0
"145251","""10.3852513""","""123.918059""",11,4,2,0,0,3,0,0,0,0,0,0,0
"145306","""10.393913""","""123.9190283""",17,7,5,0,1,3,0,0,0,0,0,0,1
"145590","""10.4326409""","""124.7262915""",16,5,5,0,0,3,0,0,0,0,0,0,0
"147372","""10.1990651""","""123.7493023""",19,0,8,0,0,3,0,1,0,0,0,0,1
"147465","""10.1406832""","""123.6482371""",8,3,1,0,0,3,0,0,0,0,0,0,0
"150705","""9.31716155""","""123.28012454""",7,1,1,0,0,3,0,0,0,0,1,0,0
"152050","""8.9402022""","""125.53740837""",8,2,1,0,0,3,0,0,0,0,0,0,0
"152234","""8.9402022""","""125.53740837""",8,2,1,0,0,3,0,0,0,0,0,0,0
"152765","""8.9402022""","""125.53740837""",8,2,1,0,0,3,0,0,0,0,0,0,0
"153009","""8.9402022""","""125.53740837""",8,2,1,0,0,3,0,0,0,0,0,0,0
"153696","""8.4947584""","""124.6204597""",15,5,4,0,1,4,0,0,0,0,0,0,0
"153901","""8.4947584""","""124.6204597""",15,5,4,0,1,4,0,0,0,0,0,0,0
"154409","""8.24910278""","""123.84432983""",5,1,1,0,0,3,0,0,0,0,0,0,0
"154877","""8.24910278""","""123.84432983""",5,1,1,0,0,3,0,0,0,0,0,0,0
"155298","""8.4947584""","""124.6204597""",15,5,4,0,1,4,0,0,0,0,0,0,0
"155473","""8.4947584""","""124.6204597""",15,5,4,0,1,4,0,0,0,0,0,0,0
"155680","""8.4947584""","""124.6204597""",15,5,4,0,1,4,0,0,0,0,0,0,0
"157101","""8.1217679""","""125.1277002""",8,2,2,0,0,3,0,0,0,0,0,0,0
"157271","""8.1217679""","""125.1277002""",8,2,2,0,0,3,0,0,0,0,0,0,0
"157441","""8.1217679""","""125.1277002""",8,2,2,0,0,3,0,0,0,0,0,0,0
"159144","""7.4555138""","""125.8138748""",6,2,0,0,0,3,0,0,0,0,0,0,0
"159527","""7.4555138""","""125.8138748""",6,2,0,0,0,3,0,0,0,0,0,0,0
"160766","""7.4555138""","""125.8138748""",6,2,0,0,0,3,0,0,0,0,0,0,0
"161232","""7.4555138""","""125.8138748""",6,2,0,0,0,3,0,0,0,0,0,0,0
"161768","""7.4555138""","""125.8138748""",6,2,0,0,0,3,0,0,0,0,0,0,0
"163395","""7.0174521""","""125.090316""",14,0,9,0,0,3,0,0,0,0,0,0,1
"165694","""7.04529035""","""125.52980988""",7,2,0,0,0,5,0,0,0,0,0,0,0
"169622","""5.98687408""","""124.62219035""",13,2,8,0,0,3,0,0,0,0,0,0,0
"169674","""5.98687408""","""124.62219035""",13,2,8,0,0,3,0,0,0,0,0,0,0
"171017","""5.98687408""","""124.62219035""",13,2,8,0,0,3,0,0,0,0,0,0,0
"171123","""5.98687408""","""124.62219035""",13,2,8,0,0,3,0,0,0,0,0,0,0
"188837","""13.9202626""","""122.103396""",17,6,5,1,0,3,0,1,0,0,0,0,0
"202851","""10.49123685""","""123.71553337""",14,3,6,0,0,3,0,0,0,0,0,0,0
"203187","""10.49123685""","""123.71553337""",14,3,6,0,0,3,0,0,0,0,0,0,0
"204785","""10.1990651""","""123.7493023""",19,0,8,0,0,3,0,1,0,0,0,0,1
"204877","""10.1406832""","""123.6482371""",8,3,1,0,0,3,0,0,0,0,0,0,0
"205428","""10.1990651""","""123.7493023""",19,0,8,0,0,3,0,1,0,0,0,0,1
"205521","""10.1406832""","""123.6482371""",8,3,1,0,0,3,0,0,0,0,0,0,0
"208177","""9.32697683""","""123.30576057""",13,0,3,0,0,3,0,0,0,0,2,0,0
"208439","""9.32697683""","""123.30576057""",13,0,3,0,0,3,0,0,0,0,2,0,0
"208648","""9.32697683""","""123.30576057""",13,0,3,0,0,3,0,0,0,0,2,0,0
"208991","""9.31716155""","""123.28012454""",7,1,1,0,0,3,0,0,0,0,1,0,0
"210486","""8.7173659""","""125.7502585""",19,2,6,0,0,3,2,0,0,0,1,0,0
"210515","""8.9411064""","""125.538431""",6,1,0,0,0,3,0,0,0,0,0,0,1
"210542","""8.94095172""","""125.52346467""",16,6,3,0,0,3,1,0,0,0,0,0,0
"210607","""8.9402022""","""125.53740837""",8,2,1,0,0,3,0,0,0,0,0,0,0
"210637","""8.7173659""","""125.7502585""",19,2,6,0,0,3,2,0,0,0,1,0,0
"210658","""8.9411064""","""125.538431""",6,1,0,0,0,3,0,0,0,0,0,0,1
"210683","""8.94095172""","""125.52346467""",16,6,3,0,0,3,1,0,0,0,0,0,0
"210723","""8.7173659""","""125.7502585""",19,2,6,0,0,3,2,0,0,0,1,0,0
"211158","""8.7173659""","""125.7502585""",19,2,6,0,0,3,2,0,0,0,1,0,0
"211234","""8.7173659""","""125.7502585""",19,2,6,0,0,3,2,0,0,0,1,0,0
"215741","""7.4555138""","""125.8138748""",6,2,0,0,0,3,0,0,0,0,0,0,0
"216763","""7.2055226""","""125.4331379""",8,3,2,0,0,3,0,0,0,0,0,0,0
"216857","""7.2055226""","""125.4331379""",8,3,2,0,0,3,0,0,0,0,0,0,0
"217314","""7.4555138""","""125.8138748""",6,2,0,0,0,3,0,0,0,0,0,0,0
"219667","""7.2055226""","""125.4331379""",8,3,2,0,0,3,0,0,0,0,0,0,0
"220491","""7.2055226""","""125.4331379""",8,3,2,0,0,3,0,0,0,0,0,0,0
"221112","""7.2055226""","""125.4331379""",8,3,2,0,0,3,0,0,0,0,0,0,0
"221474","""7.1885418""","""125.4631993""",10,1,2,0,0,3,0,0,0,0,0,0,2
"223101","""7.05343628""","""125.58192444""",13,1,7,0,0,3,0,0,0,0,0,0,0
"223160","""7.04914737""","""125.56090409""",13,1,2,0,0,3,0,0,0,0,0,0,0
"223425","""7.04529933""","""125.52978136""",13,0,5,0,0,3,0,0,1,0,0,0,0
"223490","""7.05343628""","""125.58192444""",13,1,7,0,0,3,0,0,0,0,0,0,0
"223548","""7.04914737""","""125.56090409""",13,1,2,0,0,3,0,0,0,0,0,0,0
"223740","""7.04529933""","""125.52978136""",13,0,5,0,0,3,0,0,1,0,0,0,0
"223824","""7.04914737""","""125.56090409""",13,1,2,0,0,3,0,0,0,0,0,0,0
"223944","""7.04529933""","""125.52978136""",13,0,5,0,0,3,0,0,1,0,0,0,0
"225427","""6.14907897""","""125.17284176""",7,1,0,0,0,3,0,0,0,0,0,0,1
"225897","""6.14907897""","""125.17284176""",7,1,0,0,0,3,0,0,0,0,0,0,1
"226326","""5.98687408""","""124.62219035""",13,2,8,0,0,3,0,0,0,0,0,0,0
"226377","""5.98687408""","""124.62219035""",13,2,8,0,0,3,0,0,0,0,0,0,0
"227827","""5.98687408""","""124.62219035""",13,2,8,0,0,3,0,0,0,0,0,0,0
"227936","""5.98687408""","""124.62219035""",13,2,8,0,0,3,0,0,0,0,0,0,0
"15265","""13.41936636""","""123.41583259""",3,0,0,0,0,0,3,0,0,0,0,0,0
"15586","""13.41936636""","""123.41583259""",3,0,0,0,0,0,3,0,0,0,0,0,0
"19472","""11.6668313""","""122.315057""",9,2,1,0,0,0,3,1,1,0,1,0,0
"20642","""11.6668313""","""122.315057""",9,2,1,0,0,0,3,1,1,0,1,0,0
"20735","""11.6668313""","""122.315057""",9,2,1,0,0,0,3,1,1,0,1,0,0
"24829","""10.7684222""","""122.5787922""",12,3,4,0,0,0,3,0,0,0,0,0,0
"25303","""10.6794497""","""124.8011694""",4,0,0,0,0,0,4,0,0,0,0,0,0
"25324","""10.6794497""","""124.8011694""",4,0,0,0,0,0,4,0,0,0,0,0,0
"77144","""11.6668313""","""122.315057""",9,2,1,0,0,0,3,1,1,0,1,0,0
"84367","""10.6794497""","""124.8011694""",4,0,0,0,0,0,4,0,0,0,0,0,0
"104968","""6.6341571""","""124.5989745""",17,2,6,0,0,0,3,0,0,0,2,0,2
"105435","""6.6341571""","""124.5989745""",17,2,6,0,0,0,3,0,0,0,2,0,2
"106162","""6.3339365""","""124.9534093""",20,5,10,0,0,0,3,0,0,0,0,0,1
"137688","""11.6668313""","""122.315057""",9,2,1,0,0,0,3,1,1,0,1,0,0
"145725","""10.2805816""","""122.8532437""",9,2,4,0,0,0,3,0,0,0,0,0,0
"145728","""10.2805816""","""122.8532437""",9,2,4,0,0,0,3,0,0,0,0,0,0
"145730","""10.2805816""","""122.8532437""",9,2,4,0,0,0,3,0,0,0,0,0,0
"201870","""10.61305916""","""122.96607467""",18,3,7,0,0,0,3,1,0,0,0,0,2
"202225","""10.61305916""","""122.96607467""",18,3,7,0,0,0,3,1,0,0,0,0,2
"202595","""10.61305916""","""122.96607467""",18,3,7,0,0,0,3,1,0,0,0,0,2
"203936","""10.2805816""","""122.8532437""",9,2,4,0,0,0,3,0,0,0,0,0,0
"204003","""10.2805816""","""122.8532437""",9,2,4,0,0,0,3,0,0,0,0,0,0
"204066","""10.2805816""","""122.8532437""",9,2,4,0,0,0,3,0,0,0,0,0,0
"208139","""9.29806262""","""123.30461285""",11,1,5,0,0,0,3,0,0,0,1,0,0
"208393","""9.29806262""","""123.30461285""",11,1,5,0,0,0,3,0,0,0,1,0,0
"214604","""7.8721173""","""124.2612857""",14,3,1,0,0,0,3,0,0,0,0,0,0
"215029","""7.8721173""","""124.2612857""",14,3,1,0,0,0,3,0,0,0,0,0,0
"215033","""7.8721173""","""124.2612857""",14,3,1,0,0,0,3,0,0,0,0,0,0
"215037","""7.8721173""","""124.2612857""",14,3,1,0,0,0,3,0,0,0,0,0,0
"10","""20.4533563""","""121.9684186""",9,3,0,0,0,0,0,3,0,0,1,0,0
"67","""20.4533563""","""121.9684186""",9,3,0,0,0,0,0,3,0,0,1,0,0
"96","""20.4533563""","""121.9684186""",9,3,0,0,0,0,0,3,0,0,1,0,0
"560","""18.5207573""","""120.6042908""",9,1,1,0,0,0,0,3,0,0,1,0,0
"1198","""18.19830486""","""120.60065764""",5,0,1,0,0,0,0,4,0,0,0,0,0
"1535","""18.19830486""","""120.60065764""",5,0,1,0,0,0,0,4,0,0,0,0,0
"1847","""18.19830486""","""120.60065764""",5,0,1,0,0,0,0,4,0,0,0,0,0
"2086","""18.22872714""","""120.65497357""",14,1,5,0,0,0,0,3,0,0,0,0,1
"2203","""18.1829463""","""120.7171902""",5,1,1,0,0,0,0,3,0,0,0,0,0
"38036","""7.44165201""","""125.80583418""",14,5,3,0,0,0,0,3,0,0,0,0,2
"38696","""7.44165201""","""125.80583418""",14,5,3,0,0,0,0,3,0,0,0,0,2
"39465","""7.44165201""","""125.80583418""",14,5,3,0,0,0,0,3,0,0,0,0,2
"48660","""20.4533563""","""121.9684186""",9,3,0,0,0,0,0,3,0,0,1,0,0
"48698","""20.4533563""","""121.9684186""",9,3,0,0,0,0,0,3,0,0,1,0,0
"48709","""20.4533563""","""121.9684186""",9,3,0,0,0,0,0,3,0,0,1,0,0
"48729","""18.57146295""","""120.81102342""",11,1,5,0,0,0,0,4,0,0,1,0,0
"48801","""18.57146295""","""120.81102342""",11,1,5,0,0,0,0,4,0,0,1,0,0
"48871","""18.57146295""","""120.81102342""",11,1,5,0,0,0,0,4,0,0,1,0,0
"49082","""18.57146295""","""120.81102342""",11,1,5,0,0,0,0,4,0,0,1,0,0
"49152","""18.57146295""","""120.81102342""",11,1,5,0,0,0,0,4,0,0,1,0,0
"49213","""18.57146295""","""120.81102342""",11,1,5,0,0,0,0,4,0,0,1,0,0
"49580","""18.20094272""","""120.59874055""",10,1,3,0,0,0,0,3,0,0,1,0,1
"49877","""18.20094272""","""120.59874055""",10,1,3,0,0,0,0,3,0,0,1,0,1
"50160","""18.20094272""","""120.59874055""",10,1,3,0,0,0,0,3,0,0,1,0,1
"50607","""18.0564692""","""120.5610879""",9,1,2,0,0,0,0,3,0,0,0,0,1
"50742","""18.05734802""","""120.54739573""",8,1,2,0,0,0,0,3,0,0,0,0,0
"53086","""17.13246759""","""121.87035742""",9,1,2,0,0,0,0,3,0,0,0,0,0
"53251","""17.13246759""","""121.87035742""",9,1,2,0,0,0,0,3,0,0,0,0,0
"53406","""17.13246759""","""121.87035742""",9,1,2,0,0,0,0,3,0,0,0,0,0
"53733","""17.13246759""","""121.87035742""",9,1,2,0,0,0,0,3,0,0,0,0,0
"53999","""16.9914309""","""120.4543785""",6,1,2,0,0,0,0,3,0,0,0,0,0
"108756","""20.4533563""","""121.9684186""",9,3,0,0,0,0,0,3,0,0,1,0,0
"108830","""18.57146295""","""120.81102342""",11,1,5,0,0,0,0,4,0,0,1,0,0
"108870","""18.57146295""","""120.81102342""",11,1,5,0,0,0,0,4,0,0,1,0,0
"108974","""18.5051433""","""120.5848431""",5,0,2,0,0,0,0,3,0,0,0,0,0
"109100","""18.57146295""","""120.81102342""",11,1,5,0,0,0,0,4,0,0,1,0,0
"109590","""18.20048477""","""120.59270404""",6,1,2,0,0,0,0,3,0,0,0,0,0
"109862","""18.20048477""","""120.59270404""",6,1,2,0,0,0,0,3,0,0,0,0,0
"110114","""18.20048477""","""120.59270404""",6,1,2,0,0,0,0,3,0,0,0,0,0
"110443","""17.9223369""","""120.4764375""",5,0,2,0,0,0,0,3,0,0,0,0,0
"110877","""17.57278734""","""120.38354964""",17,5,6,0,1,0,0,3,0,0,0,0,0
"111228","""17.57278734""","""120.38354964""",17,5,6,0,1,0,0,3,0,0,0,0,0
"111516","""17.57278734""","""120.38354964""",17,5,6,0,1,0,0,3,0,0,0,0,0
"115414","""16.1155142""","""119.8013167""",12,3,2,0,0,0,0,3,0,0,2,0,0
"123709","""14.7110995""","""120.9353736""",8,4,0,0,0,0,0,4,0,0,0,0,0
"147401","""10.1046193""","""123.6486163""",11,0,0,0,0,0,0,4,5,0,0,0,0
"163167","""7.0085011""","""125.0893208""",16,11,1,0,0,0,0,3,0,0,0,0,0
"163237","""7.10282137""","""124.82689656""",17,0,2,3,0,0,0,3,1,0,1,0,0
"171378","""20.4533563""","""121.9684186""",9,3,0,0,0,0,0,3,0,0,1,0,0
"171614","""18.5051433""","""120.5848431""",5,0,2,0,0,0,0,3,0,0,0,0,0
"172031","""18.1996902""","""120.5878089""",14,0,3,0,0,0,0,3,0,1,1,0,1
"172189","""18.21007333""","""120.57434131""",14,3,5,0,0,0,0,3,0,0,0,0,0
"172284","""18.1996902""","""120.5878089""",14,0,3,0,0,0,0,3,0,1,1,0,1
"172442","""18.21007333""","""120.57434131""",14,3,5,0,0,0,0,3,0,0,0,0,0
"172533","""18.1996902""","""120.5878089""",14,0,3,0,0,0,0,3,0,1,1,0,1
"173048","""18.0208519""","""120.5327408""",10,3,3,0,0,0,0,3,0,0,0,0,0
"173090","""18.0573003""","""120.5653879""",17,2,5,0,0,0,0,3,0,0,1,0,2
"173183","""18.0951958""","""120.5689973""",6,1,0,0,0,0,0,3,1,0,0,0,0
"173203","""18.05726342""","""120.55788207""",15,4,2,0,0,0,0,3,0,0,1,0,1
"173226","""18.05724391""","""120.55790555""",9,1,2,0,0,0,0,3,0,1,0,0,0
"173424","""17.9223369""","""120.4764375""",5,0,2,0,0,0,0,3,0,0,0,0,0
"174141","""17.53597565""","""120.39321382""",13,1,3,0,0,0,0,3,0,1,0,0,0
"174299","""17.53597565""","""120.39321382""",13,1,3,0,0,0,0,3,0,1,0,0,0
"174467","""17.53597565""","""120.39321382""",13,1,3,0,0,0,0,3,0,1,0,0,0
"175031","""17.53597565""","""120.39321382""",13,1,3,0,0,0,0,3,0,1,0,0,0
"200976","""10.69819112""","""122.97730564""",4,0,0,0,0,0,0,4,0,0,0,0,0
"201058","""10.69819112""","""122.97730564""",4,0,0,0,0,0,0,4,0,0,0,0,0
"201145","""10.69819112""","""122.97730564""",4,0,0,0,0,0,0,4,0,0,0,0,0
"204814","""10.1046193""","""123.6486163""",11,0,0,0,0,0,0,4,5,0,0,0,0
"205457","""10.1046193""","""123.6486163""",11,0,0,0,0,0,0,4,5,0,0,0,0
"207276","""9.5486287""","""123.7734853""",4,0,0,0,0,0,0,3,0,0,0,0,0
"207537","""9.5486287""","""123.7734853""",4,0,0,0,0,0,0,3,0,0,0,0,0
"207780","""9.5486287""","""123.7734853""",4,0,0,0,0,0,0,3,0,0,0,0,0
"3998","""17.4447152""","""120.4895813""",3,0,0,0,0,0,0,0,3,0,0,0,0
"7450","""15.5056499""","""120.9704596""",4,0,0,0,0,0,0,0,3,0,0,0,0
"39053","""7.3340325""","""124.5630622""",16,2,6,3,0,0,0,0,3,0,0,0,0
"62121","""15.2908462""","""120.571897""",16,5,5,0,0,0,0,0,4,0,1,0,0
"72712","""13.4033857""","""123.3664773""",13,3,1,0,0,0,0,0,4,0,0,0,0
"72801","""13.4033857""","""123.3664773""",13,3,1,0,0,0,0,0,4,0,0,0,0
"72912","""13.4033857""","""123.3664773""",13,3,1,0,0,0,0,0,4,0,0,0,0
"94932","""8.1542654""","""125.1241777""",12,5,3,0,0,0,0,0,3,0,0,0,0
"95089","""8.1542654""","""125.1241777""",12,5,3,0,0,0,0,0,3,0,0,0,0
"95246","""8.1542654""","""125.1241777""",12,5,3,0,0,0,0,0,3,0,0,0,0
"95666","""7.8795178""","""123.4909336""",10,2,4,0,0,0,0,0,3,0,0,0,0
"98884","""7.3340325""","""124.5630622""",16,2,6,3,0,0,0,0,3,0,0,0,0
"101126","""7.10279752""","""124.82688759""",10,1,2,0,0,0,0,0,3,0,0,0,0
"111074","""17.57278734""","""120.38354962""",8,3,2,0,0,0,0,0,3,0,0,0,0
"114479","""16.6052565""","""121.2505382""",15,3,6,0,0,0,0,0,3,0,0,0,0
"114578","""16.6052565""","""121.2505382""",15,3,6,0,0,0,0,0,3,0,0,0,0
"122103","""15.03088993""","""120.68810223""",15,0,2,0,0,0,0,1,8,0,0,0,0
"122177","""15.0684683""","""120.6517086""",13,3,2,0,0,0,0,0,3,0,0,0,0
"122305","""15.03088993""","""120.68810223""",15,0,2,0,0,0,0,1,8,0,0,0,0
"122379","""15.0684683""","""120.6517086""",13,3,2,0,0,0,0,0,3,0,0,0,0
"122514","""15.03088993""","""120.68810223""",15,0,2,0,0,0,0,1,8,0,0,0,0
"122584","""15.0684683""","""120.6517086""",13,3,2,0,0,0,0,0,3,0,0,0,0
"134383","""12.425158""","""125.04419""",18,12,0,0,0,0,0,0,3,0,0,0,0
"134517","""12.425158""","""125.04419""",18,12,0,0,0,0,0,0,3,0,0,0,0
"1474011","""10.1046193""","""123.6486163""",11,0,0,0,0,0,0,4,5,0,0,0,0
"152023","""8.9500384""","""125.5418851""",8,5,0,0,0,0,0,0,3,0,0,0,0
"152207","""8.9500384""","""125.5418851""",8,5,0,0,0,0,0,0,3,0,0,0,0
"157138","""8.1542654""","""125.1241777""",12,5,3,0,0,0,0,0,3,0,0,0,0
"157308","""8.1542654""","""125.1241777""",12,5,3,0,0,0,0,0,3,0,0,0,0
"157478","""8.1542654""","""125.1241777""",12,5,3,0,0,0,0,0,3,0,0,0,0
"159153","""7.44112211""","""125.80850335""",8,0,1,0,0,0,1,0,3,0,1,0,0
"159536","""7.44112211""","""125.80850335""",8,0,1,0,0,0,1,0,3,0,1,0,0
"160565","""7.3340325""","""124.5630622""",16,2,6,3,0,0,0,0,3,0,0,0,0
"160774","""7.44112211""","""125.80850335""",8,0,1,0,0,0,1,0,3,0,1,0,0
"161249","""7.44112211""","""125.80850335""",8,0,1,0,0,0,1,0,3,0,1,0,0
"161350","""7.29223579""","""125.68410333""",13,8,1,0,0,0,0,0,3,0,0,0,0
"161785","""7.44112211""","""125.80850335""",8,0,1,0,0,0,1,0,3,0,1,0,0
"161886","""7.29223579""","""125.68410333""",13,8,1,0,0,0,0,0,3,0,0,0,0
"163344","""7.10279752""","""124.82688759""",10,1,2,0,0,0,0,0,3,0,0,0,0
"171172","""5.9232062""","""125.2727867""",10,2,2,0,0,0,0,0,3,0,0,0,0
"171224","""5.9232062""","""125.2727867""",10,2,2,0,0,0,0,0,3,0,0,0,0
"171272","""5.9232062""","""125.2727867""",10,2,2,0,0,0,0,0,3,0,0,0,0
"172131","""18.2292444""","""120.6460006""",11,2,2,0,0,0,0,0,3,0,0,0,1
"172384","""18.2292444""","""120.6460006""",11,2,2,0,0,0,0,0,3,0,0,0,1
"172613","""18.2292444""","""120.6460006""",11,2,2,0,0,0,0,0,3,0,0,0,1
"172712","""18.2292444""","""120.6460006""",11,2,2,0,0,0,0,0,3,0,0,0,1
"182551","""15.0666046""","""120.6504884""",6,1,2,0,0,0,0,0,3,0,0,0,0
"182662","""15.17173582""","""120.59816442""",13,4,1,0,0,0,0,0,4,0,0,0,1
"183574","""14.7992673""","""121.0429686""",3,0,0,0,0,0,0,0,3,0,0,0,0
"2048141","""10.1046193""","""123.6486163""",11,0,0,0,0,0,0,4,5,0,0,0,0
"2054571","""10.1046193""","""123.6486163""",11,0,0,0,0,0,0,4,5,0,0,0,0
"215750","""7.44112211""","""125.80850335""",8,0,1,0,0,0,1,0,3,0,1,0,0
"217322","""7.44112211""","""125.80850335""",8,0,1,0,0,0,1,0,3,0,1,0,0
"219730","""7.03755498""","""125.50159675""",9,0,3,0,0,0,0,0,3,0,0,0,0
"220554","""7.03755498""","""125.50159675""",9,0,3,0,0,0,0,0,3,0,0,0,0
"221173","""7.03755498""","""125.50159675""",9,0,3,0,0,0,0,0,3,0,0,0,0
"222605","""7.03755498""","""125.50159675""",9,0,3,0,0,0,0,0,3,0,0,0,0
"222891","""7.03755498""","""125.50159675""",9,0,3,0,0,0,0,0,3,0,0,0,0
"227982","""5.9232062""","""125.2727867""",10,2,2,0,0,0,0,0,3,0,0,0,0
"228018","""5.9232062""","""125.2727867""",10,2,2,0,0,0,0,0,3,0,0,0,0
"228046","""5.9232062""","""125.2727867""",10,2,2,0,0,0,0,0,3,0,0,0,0
"10198","""14.4236916""","""121.4385139""",12,2,3,0,0,0,0,0,0,5,0,0,0
"10645","""14.4236916""","""121.4385139""",12,2,3,0,0,0,0,0,0,5,0,0,0
"14743","""13.3670142""","""123.3704324""",17,8,2,0,0,0,0,0,0,4,0,0,0
"14958","""13.3670142""","""123.3704324""",17,8,2,0,0,0,0,0,0,4,0,0,0
"117843","""15.7331268""","""120.5727823""",13,3,5,0,0,0,0,0,0,3,0,0,0
"117974","""15.7331268""","""120.5727823""",13,3,5,0,0,0,0,0,0,3,0,0,0
"221984","""6.94921692""","""122.08179135""",4,0,0,0,0,0,0,0,0,4,0,0,0
"222285","""6.94921692""","""122.08179135""",4,0,0,0,0,0,0,0,0,4,0,0,0
"138","""18.56363723""","""120.79228815""",14,8,0,0,0,0,0,0,0,0,3,0,1
"149","""18.56783524""","""120.80967598""",19,5,6,0,0,0,0,2,0,0,3,0,0
"160","""18.56559331""","""120.80885992""",13,4,3,0,0,0,0,1,0,0,3,0,0
"264","""18.56363723""","""120.79228815""",14,8,0,0,0,0,0,0,0,0,3,0,1
"276","""18.56783524""","""120.80967598""",19,5,6,0,0,0,0,2,0,0,3,0,0
"288","""18.56559331""","""120.80885992""",13,4,3,0,0,0,0,1,0,0,3,0,0
"321","""18.56363723""","""120.79228815""",14,8,0,0,0,0,0,0,0,0,3,0,1
"333","""18.56783524""","""120.80967598""",19,5,6,0,0,0,0,2,0,0,3,0,0
"345","""18.56559331""","""120.80885992""",13,4,3,0,0,0,0,1,0,0,3,0,0
"512","""18.56363723""","""120.79228815""",14,8,0,0,0,0,0,0,0,0,3,0,1
"521","""18.56783524""","""120.80967598""",19,5,6,0,0,0,0,2,0,0,3,0,0
"532","""18.56559331""","""120.80885992""",13,4,3,0,0,0,0,1,0,0,3,0,0
"569","""18.56363723""","""120.79228815""",14,8,0,0,0,0,0,0,0,0,3,0,1
"578","""18.56783524""","""120.80967598""",19,5,6,0,0,0,0,2,0,0,3,0,0
"589","""18.56559331""","""120.80885992""",13,4,3,0,0,0,0,1,0,0,3,0,0
"621","""18.56363723""","""120.79228815""",14,8,0,0,0,0,0,0,0,0,3,0,1
"630","""18.56783524""","""120.80967598""",19,5,6,0,0,0,0,2,0,0,3,0,0
"641","""18.56559331""","""120.80885992""",13,4,3,0,0,0,0,1,0,0,3,0,0
"2207","""18.22829838""","""120.64801843""",8,0,2,0,0,0,0,1,0,0,3,0,0
"4714","""16.6855491""","""121.5444186""",13,1,3,0,1,0,0,0,0,0,3,0,0
"4845","""16.69174895""","""121.5263164""",15,1,5,0,0,0,0,0,0,0,3,0,1
"4874","""16.6855491""","""121.5444186""",13,1,3,0,1,0,0,0,0,0,3,0,0
"5039","""16.69174895""","""121.5263164""",15,1,5,0,0,0,0,0,0,0,3,0,1
"5176","""16.6855491""","""121.5444186""",13,1,3,0,1,0,0,0,0,0,3,0,0
"5341","""16.69174895""","""121.5263164""",15,1,5,0,0,0,0,0,0,0,3,0,1
"6040","""16.1677773""","""119.9909092""",19,2,9,1,0,0,0,0,0,0,3,0,1
"6050","""16.1677773""","""119.9909092""",14,2,7,0,0,0,0,0,0,0,3,0,0
"6204","""16.1574787""","""119.9768494""",12,3,2,0,0,0,0,0,0,0,3,0,1
"6348","""16.1677773""","""119.9909092""",19,2,9,1,0,0,0,0,0,0,3,0,1
"6360","""16.1677773""","""119.9909092""",14,2,7,0,0,0,0,0,0,0,3,0,0
"6497","""16.1574787""","""119.9768494""",12,3,2,0,0,0,0,0,0,0,3,0,1
"11174","""14.2020289""","""121.0971746""",15,6,2,0,0,0,0,0,1,0,3,0,0
"11362","""14.2020289""","""121.0971746""",15,6,2,0,0,0,0,0,1,0,3,0,0
"12026","""14.2847285""","""122.6926283""",11,1,2,2,0,0,0,0,0,0,3,0,0
"12073","""14.2847285""","""122.6926283""",11,1,2,2,0,0,0,0,0,0,3,0,0
"15432","""13.41935525""","""123.43194215""",19,11,3,0,0,0,0,0,0,0,3,0,1
"15750","""13.41935525""","""123.43194215""",19,11,3,0,0,0,0,0,0,0,3,0,1
"25091","""10.8382504""","""123.5037263""",19,5,5,0,0,0,0,0,0,0,3,0,0
"25203","""10.8382504""","""123.5037263""",19,5,5,0,0,0,0,0,0,0,3,0,0
"25919","""10.6211448""","""123.063413""",21,7,6,1,0,0,0,0,0,0,3,0,1
"26143","""10.6211448""","""123.063413""",21,7,6,1,0,0,0,0,0,0,3,0,1
"28849","""9.6043101""","""125.9727125""",16,3,2,0,0,0,0,0,0,0,4,0,1
"29627","""9.5619081""","""123.4564129""",18,3,4,2,0,1,0,0,0,0,3,0,0
"29877","""9.5619081""","""123.4564129""",18,3,4,2,0,1,0,0,0,0,3,0,0
"29932","""9.5619081""","""123.4564129""",18,3,4,2,0,1,0,0,0,0,3,0,0
"29959","""9.3454251""","""125.9672336""",15,4,7,0,0,0,0,0,0,0,3,0,0
"30585","""9.2481459""","""124.718429""",20,12,0,0,0,0,0,0,0,0,8,0,0
"32172","""8.5441873""","""123.3639204""",19,4,5,0,0,1,0,0,0,0,4,0,0
"32335","""8.5441873""","""123.3639204""",19,4,5,0,0,1,0,0,0,0,4,0,0
"32498","""8.5441873""","""123.3639204""",19,4,5,0,0,1,0,0,0,0,4,0,0
"35323","""8.0362326""","""126.0626531""",12,2,4,0,0,0,0,0,0,0,4,0,0
"35367","""8.0362326""","""126.0626531""",12,2,4,0,0,0,0,0,0,0,4,0,0
"36908","""8.0362326""","""126.0626531""",12,2,4,0,0,0,0,0,0,0,4,0,0
"36919","""8.0362326""","""126.0626531""",12,2,4,0,0,0,0,0,0,0,4,0,0
"37826","""7.46324927""","""125.82094209""",12,2,5,0,0,0,0,0,0,0,4,0,0
"38482","""7.46324927""","""125.82094209""",12,2,5,0,0,0,0,0,0,0,4,0,0
"39270","""7.46324927""","""125.82094209""",12,2,5,0,0,0,0,0,0,0,4,0,0
"40682","""7.10279809""","""124.82683""",22,3,8,0,0,0,0,0,2,1,3,0,1
"41044","""7.10279809""","""124.82683""",22,3,8,0,0,0,0,0,2,1,3,0,1
"41457","""7.10279809""","""124.82683""",22,3,8,0,0,0,0,0,2,1,3,0,1
"54937","""16.7843146""","""121.699008""",13,5,2,0,0,0,0,0,0,0,3,0,0
"56949","""16.1677773""","""119.9909092""",19,2,9,1,0,0,0,0,0,0,3,0,1
"56959","""16.1677773""","""119.9909092""",14,2,7,0,0,0,0,0,0,0,3,0,0
"57372","""16.1677773""","""119.9909092""",19,2,9,1,0,0,0,0,0,0,3,0,1
"57384","""16.1677773""","""119.9909092""",14,2,7,0,0,0,0,0,0,0,3,0,0
"57521","""16.1574787""","""119.9768494""",12,3,2,0,0,0,0,0,0,0,3,0,1
"61789","""15.326304""","""119.9665353""",8,0,3,0,0,0,0,0,0,0,3,0,0
"62675","""15.0507156""","""120.6673937""",20,11,0,0,0,0,0,0,0,0,7,0,0
"62914","""15.0507156""","""120.6673937""",20,11,0,0,0,0,0,0,0,0,7,0,0
"63975","""14.8430855""","""120.9798874""",12,6,2,0,0,0,0,0,0,0,3,0,0
"64908","""14.7357239""","""121.1465629""",6,0,2,0,0,0,0,0,0,0,3,0,0
"65067","""14.7357239""","""121.1465629""",6,0,2,0,0,0,0,0,0,0,3,0,0
"67442","""14.3674338""","""121.3306302""",17,1,5,0,0,0,0,0,0,0,3,0,1
"67678","""14.3674338""","""121.3306302""",17,1,5,0,0,0,0,0,0,0,3,0,1
"67867","""14.2847285""","""122.6926283""",11,1,2,2,0,0,0,0,0,0,3,0,0
"67911","""14.2847285""","""122.6926283""",11,1,2,2,0,0,0,0,0,0,3,0,0
"73653","""13.152336""","""123.7496333""",8,3,1,0,0,0,0,0,0,0,3,0,0
"74352","""13.0656298""","""123.7074462""",13,2,3,0,0,0,0,0,0,0,3,0,2
"76514","""11.81049823""","""122.17762153""",17,2,10,0,0,0,0,0,0,0,3,0,0
"77264","""11.81049823""","""122.17762153""",17,2,10,0,0,0,0,0,0,0,3,0,0
"77390","""11.7159761""","""122.3539847""",13,2,3,0,0,0,1,0,0,0,3,0,1
"77901","""11.7159761""","""122.3539847""",13,2,3,0,0,0,1,0,0,0,3,0,1
"78602","""11.60205078""","""122.74091339""",7,2,1,0,0,0,0,0,0,0,3,0,0
"82304","""10.8382504""","""123.5037263""",19,5,5,0,0,0,0,0,0,0,3,0,0
"82420","""10.8382504""","""123.5037263""",19,5,5,0,0,0,0,0,0,0,3,0,0
"83798","""10.6211448""","""123.063413""",21,7,6,1,0,0,0,0,0,0,3,0,1
"83809","""10.6852723""","""123.0702085""",13,2,4,2,0,0,0,0,0,0,3,0,0
"83822","""10.6795558""","""123.0704306""",5,1,0,0,0,0,0,0,0,0,3,0,0
"83826","""10.6795558""","""123.0704306""",4,0,0,0,0,0,0,0,0,0,3,0,0
"84043","""10.7171443""","""123.8194736""",9,1,1,0,0,0,0,0,0,0,3,0,0
"84046","""10.7171443""","""123.8194736""",8,1,0,0,0,0,0,0,0,0,3,0,0
"84265","""10.7171443""","""123.8194736""",9,1,1,0,0,0,0,0,0,0,3,0,0
"84268","""10.7171443""","""123.8194736""",8,1,0,0,0,0,0,0,0,0,3,0,0
"89436","""9.6043101""","""125.9727125""",16,3,2,0,0,0,0,0,0,0,4,0,1
"89569","""9.3341454""","""123.2836058""",9,1,3,0,0,0,0,0,0,1,3,0,0
"90034","""9.5619081""","""123.4564129""",18,3,4,2,0,1,0,0,0,0,3,0,0
"90093","""9.5619081""","""123.4564129""",18,3,4,2,0,1,0,0,0,0,3,0,0
"90255","""9.2481459""","""124.718429""",20,12,0,0,0,0,0,0,0,0,8,0,0
"90815","""8.91830794""","""125.54042019""",12,2,3,0,0,0,0,0,0,0,3,0,0
"90950","""9.0686838""","""126.1963658""",13,3,2,0,0,1,0,0,0,0,3,0,0
"90987","""8.91830794""","""125.54042019""",12,2,3,0,0,0,0,0,0,0,3,0,0
"91037","""9.0686838""","""126.1963658""",13,3,2,0,0,1,0,0,0,0,3,0,0
"91464","""8.91830794""","""125.54042019""",12,2,3,0,0,0,0,0,0,0,3,0,0
"91652","""8.91830794""","""125.54042019""",12,2,3,0,0,0,0,0,0,0,3,0,0
"91715","""8.91830794""","""125.54042019""",12,2,3,0,0,0,0,0,0,0,3,0,0
"92104","""8.5441873""","""123.3639204""",19,4,5,0,0,1,0,0,0,0,4,0,0
"92278","""8.5441873""","""123.3639204""",19,4,5,0,0,1,0,0,0,0,4,0,0
"92452","""8.5441873""","""123.3639204""",19,4,5,0,0,1,0,0,0,0,4,0,0
"94612","""8.5063904""","""125.9812729""",12,2,5,0,0,0,0,0,0,0,3,0,0
"94657","""8.5063904""","""125.9812729""",12,2,5,0,0,0,0,0,0,0,3,0,0
"94700","""8.5063904""","""125.9812729""",12,2,5,0,0,0,0,0,0,0,3,0,0
"95379","""8.0362326""","""126.0626531""",12,2,4,0,0,0,0,0,0,0,4,0,0
"96542","""8.0362326""","""126.0626531""",12,2,4,0,0,0,0,0,0,0,4,0,0
"96553","""8.0362326""","""126.0626531""",12,2,4,0,0,0,0,0,0,0,4,0,0
"97613","""7.46324927""","""125.82094209""",12,2,5,0,0,0,0,0,0,0,4,0,0
"98800","""7.2034168""","""124.2297791""",21,8,6,0,0,0,0,0,0,0,3,0,0
"99428","""7.46324927""","""125.82094209""",12,2,5,0,0,0,0,0,0,0,4,0,0
"101013","""7.2034168""","""124.2297791""",21,8,6,0,0,0,0,0,0,0,3,0,0
"101420","""7.10279809""","""124.82683""",22,3,8,0,0,0,0,0,2,1,3,0,1
"106116","""6.3527975""","""124.93564""",10,3,2,0,0,0,0,0,0,0,3,0,0
"115359","""16.115508""","""119.8013247""",10,2,1,0,0,0,0,0,0,0,3,0,0
"118919","""15.78838854""","""120.97779823""",15,3,3,0,1,0,0,0,1,0,3,0,1
"119322","""15.78838854""","""120.97779823""",15,3,3,0,1,0,0,0,1,0,3,0,1
"123542","""14.7547825""","""121.1384397""",22,15,2,0,0,0,0,0,0,0,3,0,0
"123995","""14.766331""","""120.9548946""",15,1,4,0,0,0,0,0,1,0,3,0,1
"124702","""14.6062101""","""120.3895104""",11,0,0,0,0,0,0,0,0,0,10,0,0
"125652","""14.3698041""","""121.0428651""",12,1,4,1,0,0,0,0,0,0,3,0,0
"126741","""14.3698041""","""121.0428651""",12,1,4,1,0,0,0,0,0,0,3,0,0
"127035","""14.2847285""","""122.6926283""",11,1,2,2,0,0,0,0,0,0,3,0,0
"127048","""14.2847285""","""122.6926283""",11,1,2,2,0,0,0,0,0,0,3,0,0
"129803","""13.81497""","""122.09738""",14,0,3,0,1,0,0,0,1,1,3,0,0
"130040","""13.81497""","""122.09738""",14,0,3,0,1,0,0,0,1,1,3,0,0
"133680","""13.1420142""","""123.7440415""",16,6,2,0,0,0,0,0,1,0,3,0,2
"133787","""13.1420142""","""123.7440415""",16,6,2,0,0,0,0,0,1,0,3,0,2
"138314","""11.78051994""","""124.88738583""",15,12,0,0,0,0,0,0,0,0,3,0,0
"138399","""11.78051994""","""124.88738583""",15,12,0,0,0,0,0,0,0,0,3,0,0
"139911","""11.10491013""","""122.0438485""",16,4,4,0,0,0,0,0,0,0,4,0,0
"140067","""11.10491013""","""122.0438485""",16,4,4,0,0,0,0,0,0,0,4,0,0
"140166","""11.00615""","""122.62481""",10,1,2,0,0,0,0,0,0,0,3,0,0
"142301","""10.70233623""","""122.54128605""",5,1,0,0,0,0,0,0,0,0,3,0,0
"143656","""10.3484637""","""123.9201518""",15,0,6,1,1,0,0,0,0,0,3,0,0
"143665","""10.3855254""","""123.9158615""",12,4,2,0,0,1,0,0,0,0,3,0,0
"143898","""10.3830501""","""123.9671229""",21,6,4,0,0,1,0,0,0,0,4,0,0
"144391","""10.3484637""","""123.9201518""",15,0,6,1,1,0,0,0,0,0,3,0,0
"144408","""10.3855254""","""123.9158615""",12,4,2,0,0,1,0,0,0,0,3,0,0
"144698","""10.3830501""","""123.9671229""",21,6,4,0,0,1,0,0,0,0,4,0,0
"144908","""10.3855254""","""123.9158615""",12,4,2,0,0,1,0,0,0,0,3,0,0
"145063","""10.3830501""","""123.9671229""",21,6,4,0,0,1,0,0,0,0,4,0,0
"145951","""10.33121144""","""123.90782953""",12,2,4,1,0,0,0,0,0,0,3,0,0
"146158","""10.33121144""","""123.90782953""",12,2,4,1,0,0,0,0,0,0,3,0,0
"146352","""10.33121144""","""123.90782953""",12,2,4,1,0,0,0,0,0,0,3,0,0
"149890","""9.6469206""","""123.8556788""",14,5,2,0,0,1,0,0,0,0,3,0,0
"150077","""9.6043101""","""125.9727125""",16,3,2,0,0,0,0,0,0,0,4,0,1
"153142","""8.91830794""","""125.54042019""",12,2,3,0,0,0,0,0,0,0,3,0,0
"157963","""8.00122923""","""124.26362903""",18,2,6,1,0,0,0,1,0,0,3,0,0
"158041","""8.00117463""","""124.28140167""",12,3,4,0,0,0,0,0,0,0,3,0,0
"158268","""8.00122923""","""124.26362903""",18,2,6,1,0,0,0,1,0,0,3,0,0
"158350","""8.00117463""","""124.28140167""",12,3,4,0,0,0,0,0,0,0,3,0,0
"158643","""8.0362326""","""126.0626531""",12,2,4,0,0,0,0,0,0,0,4,0,0
"159367","""7.42707469""","""125.82793136""",10,2,2,0,0,1,0,0,0,0,3,0,0
"160991","""7.42707469""","""125.82793136""",10,2,2,0,0,1,0,0,0,0,3,0,0
"161573","""7.42707469""","""125.82793136""",10,2,2,0,0,1,0,0,0,0,3,0,0
"162110","""7.42707469""","""125.82793136""",10,2,2,0,0,1,0,0,0,0,3,0,0
"163638","""7.10279809""","""124.82683""",22,3,8,0,0,0,0,0,2,1,3,0,1
"165030","""7.03922719""","""125.50995019""",19,6,6,0,1,0,0,0,0,0,3,0,2
"165344","""7.03922719""","""125.50995019""",19,6,6,0,1,0,0,0,0,0,3,0,2
"165557","""7.03922719""","""125.50995019""",19,6,6,0,1,0,0,0,0,0,3,0,2
"168501","""6.5028326""","""124.8402112""",13,3,3,0,0,0,0,0,1,0,3,0,0
"168714","""6.5019751""","""124.8368467""",18,3,5,0,0,0,0,0,0,0,3,0,1
"171446","""18.56570033""","""120.80896537""",19,10,2,0,0,0,0,1,0,1,3,0,0
"171494","""18.56570033""","""120.80896537""",19,10,2,0,0,0,0,1,0,1,3,0,0
"171538","""18.56570033""","""120.80896537""",19,10,2,0,0,0,0,1,0,1,3,0,0
"171727","""18.56570033""","""120.80896537""",19,10,2,0,0,0,0,1,0,1,3,0,0
"171790","""18.56570033""","""120.80896537""",19,10,2,0,0,0,0,1,0,1,3,0,0
"171823","""18.56570033""","""120.80896537""",19,10,2,0,0,0,0,1,0,1,3,0,0
"172026","""18.2040256""","""120.6048813""",9,3,1,0,0,0,0,0,0,0,3,0,0
"172279","""18.2040256""","""120.6048813""",9,3,1,0,0,0,0,0,0,0,3,0,0
"172529","""18.2040256""","""120.6048813""",9,3,1,0,0,0,0,0,0,0,3,0,0
"173147","""18.0575471""","""120.5635179""",15,6,2,0,0,0,0,1,0,1,3,0,1
"175235","""17.4271316""","""121.7617237""",14,3,6,0,0,0,0,0,0,0,3,0,0
"175513","""17.4271316""","""121.7617237""",14,3,6,0,0,0,0,0,0,0,3,0,0
"178501","""16.0674767""","""120.3380206""",16,12,0,0,0,0,0,0,0,0,3,0,0
"181451","""15.2095724""","""120.5853836""",7,2,1,0,0,0,0,0,0,0,3,0,0
"182243","""14.9739366""","""120.1575636""",9,1,3,0,0,0,0,0,0,0,3,0,0
"184698","""14.4729011""","""121.3180087""",15,1,6,0,0,0,0,0,0,0,3,0,1
"184742","""14.3648299""","""121.4807835""",11,0,4,1,0,0,0,0,0,0,3,0,0
"185080","""14.4729011""","""121.3180087""",15,1,6,0,0,0,0,0,0,0,3,0,1
"185120","""14.3648299""","""121.4807835""",11,0,4,1,0,0,0,0,0,0,3,0,0
"185593","""14.3168166""","""120.7681743""",6,0,1,0,0,0,0,0,0,0,3,0,0
"186885","""14.2847285""","""122.6926283""",11,1,2,2,0,0,0,0,0,0,3,0,0
"187867","""13.9708249""","""121.1661782""",10,0,2,0,0,0,0,0,0,0,3,0,1
"189098","""13.7688737""","""121.0305285""",8,0,3,1,0,0,0,0,0,0,3,0,0
"189253","""13.7688737""","""121.0305285""",8,0,3,1,0,0,0,0,0,0,3,0,0
"189364","""13.9708249""","""121.1661782""",10,0,2,0,0,0,0,0,0,0,3,0,1
"189648","""13.81497""","""122.09738""",14,0,3,0,1,0,0,0,1,1,3,0,0
"192869","""13.3549031""","""123.7305769""",18,2,6,0,0,0,0,0,0,0,3,0,2
"192958","""13.3549031""","""123.7305769""",10,1,3,0,0,0,0,0,0,0,3,0,2
"194355","""12.425158""","""125.04419""",16,4,4,0,0,0,0,0,0,0,3,0,1
"194452","""12.425158""","""125.04419""",16,4,4,0,0,0,0,0,0,0,3,0,1
"194539","""12.425158""","""125.04419""",16,4,4,0,0,0,0,0,0,0,3,0,1
"199390","""11.10491013""","""122.0438485""",16,4,4,0,0,0,0,0,0,0,4,0,0
"202833","""10.34826425""","""123.9108421""",18,11,2,0,0,0,0,1,0,0,3,0,0
"203164","""10.34826425""","""123.9108421""",18,11,2,0,0,0,0,1,0,0,3,0,0
"208058","""9.6043101""","""125.9727125""",16,3,2,0,0,0,0,0,0,0,4,0,1
"210794","""8.8887685""","""126.3101773""",14,3,2,1,0,0,0,0,1,0,3,0,0
"210805","""8.8887685""","""126.3101773""",14,3,2,1,0,0,0,0,1,0,3,0,0
"224700","""6.495728""","""124.8373774""",20,7,4,0,0,0,2,0,1,0,3,0,0
"224778","""6.5029892""","""124.8401401""",21,4,9,0,0,0,0,0,0,0,3,0,1
"225316","""6.13829736""","""125.15328489""",11,4,3,0,0,0,0,0,0,0,3,0,0
"225388","""6.1373002""","""125.16824325""",10,0,1,0,0,0,0,0,0,0,3,0,0
"225788","""6.13829736""","""125.15328489""",11,4,3,0,0,0,0,0,0,0,3,0,0
"225860","""6.1373002""","""125.16824325""",10,0,1,0,0,0,0,0,0,0,3,0,0
"226517","""6.13829736""","""125.15328489""",11,4,3,0,0,0,0,0,0,0,3,0,0
"42","""20.44452605""","""121.96661425""",11,0,7,3,0,0,0,0,0,0,0,0,1
"464","""18.5049842""","""120.5842496""",11,1,6,3,0,0,0,0,0,0,0,0,1
"494","""18.5051059""","""120.5848255""",19,2,12,3,0,0,0,0,0,1,0,0,1
"497","""18.5051059""","""120.5848255""",16,1,9,4,0,0,0,0,0,0,0,0,2
"502","""18.5051059""","""120.5848255""",15,0,8,4,0,0,0,0,0,0,0,0,1
"2033","""18.22984476""","""120.6462753""",13,2,7,3,0,0,0,0,0,0,0,0,0
"2137","""18.22984476""","""120.64584192""",17,2,11,3,0,0,0,0,0,0,0,0,0
"2615","""18.0544798""","""121.6365218""",12,3,4,3,0,0,0,0,0,0,0,0,0
"3201","""17.7446206""","""120.4571437""",7,0,2,3,0,0,0,0,0,0,0,0,0
"3401","""17.7446206""","""120.4571437""",7,0,2,3,0,0,0,0,0,0,0,0,0
"3436","""17.5978094""","""120.6263901""",13,2,6,3,0,0,0,0,0,0,0,0,1
"3539","""17.5978094""","""120.6263901""",13,2,6,3,0,0,0,0,0,0,0,0,1
"3607","""17.6009917""","""120.6140407""",4,0,1,3,0,0,0,0,0,0,0,0,0
"3677","""17.5978094""","""120.6263901""",13,2,6,3,0,0,0,0,0,0,0,0,1
"3769","""17.6321629""","""121.7385019""",5,0,1,3,0,0,0,0,0,0,0,0,0
"3839","""17.6321629""","""121.7385019""",5,0,1,3,0,0,0,0,0,0,0,0,0
"3908","""17.6321629""","""121.7385019""",5,0,1,3,0,0,0,0,0,0,0,0,0
"4124","""17.441541""","""121.7796693""",12,2,2,5,0,0,0,0,0,0,0,0,0
"4332","""17.11944582""","""121.61582263""",13,1,7,4,0,0,0,0,0,1,0,0,0
"4419","""17.13281903""","""121.87005944""",8,1,3,3,0,0,0,0,0,0,0,0,0
"4494","""17.13281903""","""121.87005944""",8,1,3,3,0,0,0,0,0,0,0,0,0
"4636","""16.605299""","""121.2505333""",11,0,2,3,0,0,0,0,0,0,1,0,0
"4672","""16.605299""","""121.2505333""",11,0,2,3,0,0,0,0,0,0,1,0,0
"5675","""16.41026199""","""120.60021211""",9,0,0,4,0,0,0,0,1,0,0,0,0
"5740","""16.41026199""","""120.60021211""",9,0,0,4,0,0,0,0,1,0,0,0,0
"5873","""16.3409459""","""121.681912""",7,0,2,3,0,0,0,0,0,0,0,0,0
"5883","""16.340945""","""121.6819116""",16,5,8,3,0,0,0,0,0,0,0,0,0
"5922","""16.3409459""","""121.681912""",7,0,2,3,0,0,0,0,0,0,0,0,0
"5932","""16.340945""","""121.6819116""",16,5,8,3,0,0,0,0,0,0,0,0,0
"6123","""16.1466336""","""119.9891299""",15,2,8,4,0,0,0,0,0,0,0,0,0
"6429","""16.1466336""","""119.9891299""",15,2,8,4,0,0,0,0,0,0,0,0,0
"6792","""16.0441662""","""120.5964058""",11,1,6,3,0,0,0,0,0,0,0,0,0
"6918","""16.0064205""","""120.2266775""",13,2,3,3,0,0,0,0,0,0,0,0,0
"7269","""15.48438876""","""120.97496699""",3,0,0,3,0,0,0,0,0,0,0,0,0
"7749","""15.36126468""","""120.51611351""",12,2,5,3,0,0,0,0,0,0,0,0,0
"9116","""15.1341261""","""120.9781248""",9,4,2,3,0,0,0,0,0,0,0,0,0
"9815","""14.3737336""","""120.9765754""",15,4,8,3,0,0,0,0,0,0,0,0,0
"10139","""14.42140777""","""121.44598942""",4,0,0,3,0,0,0,0,0,0,0,0,0
"10593","""14.42140777""","""121.44598942""",4,0,0,3,0,0,0,0,0,0,0,0,0
"11759","""14.14376878""","""121.31332753""",15,2,7,3,0,0,0,0,0,0,1,0,1
"12552","""13.93306093""","""121.1555859""",14,6,3,3,0,0,0,0,0,0,0,0,1
"12769","""13.93306093""","""121.1555859""",14,6,3,3,0,0,0,0,0,0,0,0,1
"13119","""14.14376878""","""121.31332753""",15,2,7,3,0,0,0,0,0,0,1,0,1
"15391","""13.358433""","""123.7292035""",16,3,8,3,0,0,0,0,0,0,0,0,0
"15709","""13.358433""","""123.7292035""",16,3,8,3,0,0,0,0,0,0,0,0,0
"15991","""13.143255""","""123.727173""",21,3,11,3,0,0,0,1,0,0,1,0,0
"16619","""13.143255""","""123.727173""",21,3,11,3,0,0,0,1,0,0,1,0,0
"16720","""13.143255""","""123.727173""",21,3,11,3,0,0,0,1,0,0,1,0,0
"16969","""12.7486654""","""121.4893298""",12,1,4,3,0,0,0,0,0,0,1,0,0
"17019","""12.7486654""","""121.4893298""",12,1,4,3,0,0,0,0,0,0,1,0,0
"20253","""11.783581""","""124.891194""",14,1,6,3,0,0,0,0,0,0,0,0,2
"20502","""11.783581""","""124.891194""",14,1,6,3,0,0,0,0,0,0,0,0,2
"20707","""11.49677753""","""122.59951782""",11,2,5,3,0,0,0,0,0,0,0,0,0
"20761","""11.4074612""","""122.5104589""",13,1,6,3,0,0,0,0,0,0,0,0,1
"20910","""11.49677753""","""122.59951782""",11,2,5,3,0,0,0,0,0,0,0,0,0
"22445","""11.4074612""","""122.5104589""",13,1,6,3,0,0,0,0,0,0,0,0,1
"22747","""11.4074612""","""122.5104589""",13,1,6,3,0,0,0,0,0,0,0,0,1
"23063","""11.3408412""","""122.6691892""",12,4,2,3,0,0,0,0,0,0,0,0,2
"23124","""11.4092729""","""122.5080071""",10,1,6,3,0,0,0,0,0,0,0,0,0
"23322","""11.10486035""","""122.04413527""",9,0,4,3,0,0,0,0,0,0,0,0,0
"23361","""10.99858125""","""122.63538625""",19,4,10,3,0,0,0,0,0,0,0,0,2
"23860","""11.0522621""","""124.0105061""",19,3,4,3,1,0,0,0,0,0,0,0,3
"24050","""11.0522621""","""124.0105061""",19,3,4,3,1,0,0,0,0,0,0,0,3
"24396","""10.9875854""","""124.9725882""",10,2,3,3,0,0,0,0,0,0,0,0,0
"24510","""10.9875854""","""124.9725882""",10,2,3,3,0,0,0,0,0,0,0,0,0
"24595","""11.0411936""","""125.7168924""",11,1,2,3,0,0,0,0,0,0,0,0,1
"24597","""11.0411868""","""125.7169854""",7,0,3,3,0,0,1,0,0,0,0,0,0
"24798","""10.7654737""","""122.5342384""",11,1,2,6,0,0,0,0,0,0,1,0,0
"29431","""9.3282187""","""123.2971957""",10,1,5,3,0,0,0,0,0,0,0,0,0
"29960","""9.3454251""","""125.9672336""",19,3,5,3,0,1,0,0,1,0,2,0,0
"31351","""8.67472""","""117.593""",12,0,7,3,1,0,0,0,0,0,0,0,1
"31397","""8.67472""","""117.593""",12,0,7,3,1,0,0,0,0,0,0,0,1
"32776","""8.609372""","""124.89155868""",16,2,6,3,0,0,0,1,0,0,1,0,0
"32869","""8.609372""","""124.89155868""",16,2,6,3,0,0,0,1,0,0,1,0,0
"32955","""8.609372""","""124.89155868""",16,2,6,3,0,0,0,1,0,0,1,0,0
"33317","""8.3351677""","""124.2543502""",14,1,9,3,0,0,0,0,0,0,0,0,0
"37936","""7.489575""","""125.6056375""",12,1,5,3,0,0,0,0,0,0,0,0,2
"38592","""7.489575""","""125.6056375""",12,1,5,3,0,0,0,0,0,0,0,0,2
"390531","""7.3340325""","""124.5630622""",16,2,6,3,0,0,0,0,3,0,0,0,0
"39063","""7.3340325""","""124.5630622""",19,4,11,3,0,0,0,0,0,0,0,0,0
"42276","""7.0310701""","""125.4964846""",13,1,4,3,0,0,0,0,0,0,0,0,1
"42781","""6.93002645""","""122.09431167""",14,2,6,3,0,0,0,0,0,0,0,0,0
"43007","""6.93002645""","""122.09431167""",14,2,6,3,0,0,0,0,0,0,0,0,0
"44911","""6.6954316""","""121.9695224""",6,1,2,3,0,0,0,0,0,0,0,0,0
"45033","""6.6954316""","""121.9695224""",6,1,2,3,0,0,0,0,0,0,0,0,0
"45157","""6.6954316""","""121.9695224""",6,1,2,3,0,0,0,0,0,0,0,0,0
"45515","""6.2232354""","""125.0578258""",15,6,3,3,0,0,0,0,0,0,0,0,0
"45924","""6.2232354""","""125.0578258""",15,6,3,3,0,0,0,0,0,0,0,0,0
"46314","""6.2232354""","""125.0578258""",15,6,3,3,0,0,0,0,0,0,0,0,0
"47213","""6.1296699""","""125.1301926""",15,3,5,3,0,0,0,0,0,0,0,0,2
"47538","""6.1183491""","""125.1351154""",8,3,1,3,0,0,0,0,0,0,0,0,0
"48244","""6.1298356""","""125.1638275""",14,1,6,4,0,0,0,0,0,1,0,0,1
"49047","""18.5049842""","""120.5842496""",11,1,6,3,0,0,0,0,0,0,0,0,1
"49077","""18.5051059""","""120.5848255""",19,2,12,3,0,0,0,0,0,1,0,0,1
"49080","""18.5051059""","""120.5848255""",16,1,9,4,0,0,0,0,0,0,0,0,2
"51064","""18.0544798""","""121.6365218""",12,3,4,3,0,0,0,0,0,0,0,0,0
"51231","""17.7900055""","""120.4578741""",10,0,3,3,0,0,0,0,0,0,1,0,0
"52160","""17.5978094""","""120.6263901""",13,2,6,3,0,0,0,0,0,0,0,0,1
"52987","""17.12245825""","""121.61653149""",8,0,5,3,0,0,0,0,0,0,0,0,0
"53119","""17.12245825""","""121.61653149""",8,0,5,3,0,0,0,0,0,0,0,0,0
"53286","""17.12245825""","""121.61653149""",8,0,5,3,0,0,0,0,0,0,0,0,0
"53507","""17.13281903""","""121.87005944""",8,1,3,3,0,0,0,0,0,0,0,0,0
"53635","""17.13281471""","""121.8700169""",13,3,5,3,0,0,0,0,0,0,0,0,1
"53832","""17.13281903""","""121.87005944""",8,1,3,3,0,0,0,0,0,0,0,0,0
"53921","""17.13281471""","""121.8700169""",13,3,5,3,0,0,0,0,0,0,0,0,1
"55069","""16.4281491""","""120.6018437""",11,3,4,3,0,0,0,0,0,0,0,0,0
"55486","""16.605299""","""121.2505333""",11,0,2,3,0,0,0,0,0,0,1,0,0
"55639","""16.605299""","""121.2505333""",11,0,2,3,0,0,0,0,0,0,1,0,0
"56464","""16.1155118""","""119.8013208""",21,9,6,3,0,0,0,0,0,0,0,0,1
"56803","""16.1155118""","""119.8013208""",21,9,6,3,0,0,0,0,0,0,0,0,1
"57032","""16.1466336""","""119.9891299""",15,2,8,4,0,0,0,0,0,0,0,0,0
"57453","""16.1466336""","""119.9891299""",15,2,8,4,0,0,0,0,0,0,0,0,0
"58149","""15.8904289""","""120.3793856""",14,6,4,4,0,0,0,0,0,0,0,0,0
"58356","""15.8904289""","""120.3793856""",14,6,4,4,0,0,0,0,0,0,0,0,0
"58676","""15.97870217""","""120.56988319""",10,1,3,3,0,0,0,0,1,0,0,0,1
"58759","""15.8972286""","""120.67097488""",13,6,2,3,0,0,0,0,0,0,0,0,0
"58783","""15.9954526""","""120.6495099""",9,1,4,3,0,0,0,0,0,0,0,0,1
"58943","""15.8972286""","""120.67097488""",13,6,2,3,0,0,0,0,0,0,0,0,0
"58994","""15.9954526""","""120.6495099""",9,1,4,3,0,0,0,0,0,0,0,0,1
"59082","""15.8972286""","""120.67097488""",13,6,2,3,0,0,0,0,0,0,0,0,0
"59108","""15.9954526""","""120.6495099""",9,1,4,3,0,0,0,0,0,0,0,0,1
"59692","""15.5337192""","""119.958618""",16,2,8,3,0,0,0,1,0,0,0,0,1
"59750","""15.5337192""","""119.958618""",16,2,8,3,0,0,0,1,0,0,0,0,1
"59829","""15.51474523""","""120.56348372""",13,3,5,3,0,0,0,0,0,0,1,0,0
"60118","""15.51474523""","""120.56348372""",13,3,5,3,0,0,0,0,0,0,1,0,0
"60140","""15.44109547""","""120.59806456""",14,5,5,3,0,0,0,0,0,0,0,0,1
"60224","""15.4110901""","""120.6016317""",7,1,1,3,0,0,0,0,0,0,0,0,0
"60517","""15.52125814""","""120.62318866""",16,1,3,3,1,0,0,0,0,0,0,0,2
"62186","""15.36126468""","""120.51611351""",12,2,5,3,0,0,0,0,0,0,0,0,0
"63157","""14.8981819""","""120.8749305""",20,6,8,3,0,0,0,0,0,0,0,0,2
"63385","""14.79279279""","""121.07606715""",9,1,2,4,1,0,0,0,0,0,0,0,0
"63541","""14.79279279""","""121.07606715""",9,1,2,4,1,0,0,0,0,0,0,0,0
"64731","""14.78561555""","""120.81089127""",15,3,8,3,0,0,0,0,0,0,0,0,1
"64839","""14.7399496""","""121.0685512""",20,13,2,3,0,0,0,0,0,2,0,0,0
"64892","""14.6066313""","""121.0842419""",12,1,4,3,0,0,0,0,0,0,1,0,2
"65001","""14.7399496""","""121.0685512""",20,13,2,3,0,0,0,0,0,2,0,0,0
"65052","""14.6066313""","""121.0842419""",12,1,4,3,0,0,0,0,0,0,1,0,2
"65151","""14.79279279""","""121.07606715""",9,1,2,4,1,0,0,0,0,0,0,0,0
"65411","""14.8007464""","""121.019494""",9,0,5,3,0,0,0,0,0,0,0,0,0
"65423","""14.77876476""","""121.06450873""",17,2,10,3,0,0,0,0,0,0,0,0,2
"65658","""14.7739631""","""120.9395744""",17,1,9,3,0,1,0,0,0,0,0,0,1
"65660","""14.7778334""","""120.9504463""",16,2,8,3,0,0,0,0,0,0,0,0,0
"66164","""14.4547192""","""120.5753968""",19,1,11,3,0,0,0,0,1,0,0,0,2
"66271","""14.5973656""","""120.3927093""",12,1,6,3,0,0,0,0,0,0,0,0,0
"66352","""14.4003449""","""120.842773""",9,1,3,3,0,0,1,0,0,0,1,0,0
"66759","""14.3703103""","""121.3316534""",13,1,6,3,0,0,0,0,0,0,0,0,1
"67355","""14.3703103""","""121.3316534""",13,1,6,3,0,0,0,0,0,0,0,0,1
"67410","""14.246532""","""121.3973154""",15,2,4,3,0,0,0,0,0,0,0,0,3
"67445","""14.3686074""","""121.3310385""",18,3,8,3,0,0,0,1,0,0,1,0,0
"67668","""14.246532""","""121.3973154""",15,2,4,3,0,0,0,0,0,0,0,0,3
"67680","""14.3686074""","""121.3310385""",18,3,8,3,0,0,0,1,0,0,1,0,0
"67804","""14.1661178""","""121.3108587""",8,0,5,3,0,0,0,0,0,0,0,0,0
"68794","""14.1661729""","""121.2369751""",12,0,8,4,0,0,0,0,0,0,0,0,0
"69115","""14.07822035""","""121.31242105""",10,1,6,3,0,0,0,0,0,0,0,0,0
"69246","""14.07822035""","""121.31242105""",10,1,6,3,0,0,0,0,0,0,0,0,0
"69342","""13.9729542""","""121.6824625""",16,7,4,3,0,0,0,0,0,0,0,0,0
"69506","""13.9729542""","""121.6824625""",16,7,4,3,0,0,0,0,0,0,0,0,0
"70309","""13.92765907""","""121.42714941""",16,5,2,3,0,0,0,0,0,0,0,0,5
"71181","""13.66362369""","""121.37557103""",10,2,1,3,0,0,0,0,0,0,0,0,1
"71380","""13.6207195""","""123.2325573""",9,3,1,3,0,0,0,0,0,0,0,0,1
"71657","""13.6207195""","""123.2325573""",9,3,1,3,0,0,0,0,0,0,0,0,1
"71925","""13.6207195""","""123.2325573""",9,3,1,3,0,0,0,0,0,0,0,0,1
"72295","""13.5044794""","""120.9002584""",16,1,9,3,0,0,0,0,0,0,0,0,1
"72408","""13.5044794""","""120.9002584""",16,1,9,3,0,0,0,0,0,0,0,0,1
"72514","""13.3941769""","""121.8231903""",18,4,7,4,0,0,0,0,0,0,0,0,2
"72564","""13.3941769""","""121.8231903""",18,4,7,4,0,0,0,0,0,0,0,0,2
"73117","""13.27404892""","""121.23987648""",12,1,5,3,0,0,0,0,0,0,0,0,1
"73170","""13.27404892""","""121.23987648""",12,1,5,3,0,0,0,0,0,0,0,0,1
"73752","""13.1523375""","""123.7496349""",6,0,1,4,0,0,0,0,0,0,0,0,0
"74155","""13.04457892""","""121.47462229""",10,1,6,3,0,0,0,0,0,0,0,0,0
"74310","""13.04457892""","""121.47462229""",10,1,6,3,0,0,0,0,0,0,0,0,0
"74662","""12.7486654""","""121.4893298""",12,1,4,3,0,0,0,0,0,0,1,0,0
"74714","""12.6654297""","""123.9252435""",18,2,9,3,0,0,1,0,0,0,0,0,1
"74718","""12.6654296""","""123.9252433""",12,2,5,3,0,0,0,0,1,0,0,0,0
"74748","""12.6654297""","""123.9252435""",18,2,9,3,0,0,1,0,0,0,0,0,1
"74753","""12.6654296""","""123.9252433""",12,2,5,3,0,0,0,0,1,0,0,0,0
"74777","""12.6654297""","""123.9252435""",18,2,9,3,0,0,1,0,0,0,0,0,1
"74782","""12.6654296""","""123.9252433""",12,2,5,3,0,0,0,0,1,0,0,0,0
"74849","""12.6654297""","""123.9252435""",18,2,9,3,0,0,1,0,0,0,0,0,1
"74853","""12.6654296""","""123.9252433""",12,2,5,3,0,0,0,0,1,0,0,0,0
"74881","""12.6654297""","""123.9252435""",18,2,9,3,0,0,1,0,0,0,0,0,1
"74886","""12.6654296""","""123.9252433""",12,2,5,3,0,0,0,0,1,0,0,0,0
"74912","""12.6654297""","""123.9252435""",18,2,9,3,0,0,1,0,0,0,0,0,1
"74917","""12.6654296""","""123.9252433""",12,2,5,3,0,0,0,0,1,0,0,0,0
"74939","""12.6654297""","""123.9252435""",18,2,9,3,0,0,1,0,0,0,0,0,1
"74944","""12.6654296""","""123.9252433""",12,2,5,3,0,0,0,0,1,0,0,0,0
"79417","""11.4074612""","""122.5104589""",13,1,6,3,0,0,0,0,0,0,0,0,1
"79673","""11.4074612""","""122.5104589""",13,1,6,3,0,0,0,0,0,0,0,0,1
"79984","""11.3408412""","""122.6691892""",12,4,2,3,0,0,0,0,0,0,0,0,2
"80045","""11.4092729""","""122.5080071""",10,1,6,3,0,0,0,0,0,0,0,0,0
"80762","""11.10486035""","""122.04413527""",9,0,4,3,0,0,0,0,0,0,0,0,0
"81127","""11.0522621""","""124.0105061""",19,3,4,3,1,0,0,0,0,0,0,0,3
"81315","""11.0522621""","""124.0105061""",19,3,4,3,1,0,0,0,0,0,0,0,3
"81798","""11.0411936""","""125.7168924""",11,1,2,3,0,0,0,0,0,0,0,0,1
"81800","""11.0411868""","""125.7169854""",7,0,3,3,0,0,1,0,0,0,0,0,0
"82817","""10.9875854""","""124.9725882""",10,2,3,3,0,0,0,0,0,0,0,0,0
"82865","""11.0411936""","""125.7168924""",11,1,2,3,0,0,0,0,0,0,0,0,1
"82867","""11.0411868""","""125.7169854""",7,0,3,3,0,0,1,0,0,0,0,0,0
"83241","""10.6788944""","""122.9621385""",19,1,11,5,0,0,0,0,0,0,0,0,1
"83454","""10.6788944""","""122.9621385""",19,1,11,5,0,0,0,0,0,0,0,0,1
"83658","""10.6788944""","""122.9621385""",19,1,11,5,0,0,0,0,0,0,0,0,1
"89253","""9.6446531""","""124.3621701""",16,2,7,3,0,1,0,1,0,0,0,0,1
"89340","""9.6446531""","""124.3621701""",16,2,7,3,0,1,0,1,0,0,0,0,1
"89788","""9.3282187""","""123.2971957""",10,1,5,3,0,0,0,0,0,0,0,0,0
"91135","""8.67472""","""117.593""",12,0,7,3,1,0,0,0,0,0,0,0,1
"91174","""8.67472""","""117.593""",12,0,7,3,1,0,0,0,0,0,0,0,1
"93747","""8.3351677""","""124.2543502""",14,1,9,3,0,0,0,0,0,0,0,0,0
"97723","""7.489575""","""125.6056375""",12,1,5,3,0,0,0,0,0,0,0,0,2
"98394","""7.218938""","""124.2376714""",15,3,6,4,0,0,0,0,0,0,0,0,1
"98747","""7.218938""","""124.2376714""",15,3,6,4,0,0,0,0,0,0,0,0,1
"988841","""7.3340325""","""124.5630622""",16,2,6,3,0,0,0,0,3,0,0,0,0
"100967","""7.218938""","""124.2376714""",15,3,6,4,0,0,0,0,0,0,0,0,1
"101920","""6.9300858""","""122.09464658""",7,3,1,3,0,0,0,0,0,0,0,0,0
"101986","""6.918297""","""122.0802108""",11,2,5,3,0,0,0,0,0,0,0,0,0
"102161","""6.9300858""","""122.09464658""",7,3,1,3,0,0,0,0,0,0,0,0,0
"102227","""6.918297""","""122.0802108""",11,2,5,3,0,0,0,0,0,0,0,0,0
"103901","""6.7051742""","""121.9695329""",16,3,9,3,0,0,0,0,0,0,0,0,0
"104066","""6.7051742""","""121.9695329""",16,3,9,3,0,0,0,0,0,0,0,0,0
"104231","""6.7051742""","""121.9695329""",16,3,9,3,0,0,0,0,0,0,0,0,0
"104397","""6.7051742""","""121.9695329""",16,3,9,3,0,0,0,0,0,0,0,0,0
"105672","""6.4951947""","""124.8412194""",16,5,5,3,0,0,1,0,0,0,1,0,0
"105795","""6.3192263""","""124.9630533""",13,3,4,3,0,0,0,0,0,0,0,0,0
"106020","""6.2232354""","""125.0578258""",15,6,3,3,0,0,0,0,0,0,0,0,0
"106170","""6.2232338""","""125.0578258""",7,3,1,3,0,0,0,0,0,0,0,0,0
"106233","""6.223234""","""125.0578255""",8,3,2,3,0,0,0,0,0,0,0,0,0
"106320","""6.3192263""","""124.9630533""",13,3,4,3,0,0,0,0,0,0,0,0,0
"106525","""6.3192263""","""124.9630533""",13,3,4,3,0,0,0,0,0,0,0,0,0
"107539","""6.1296699""","""125.1301926""",15,3,5,3,0,0,0,0,0,0,0,0,2
"108891","""18.5636117""","""121.2318118""",14,2,3,5,0,0,0,0,0,0,0,0,1
"108913","""18.5616384""","""121.2365197""",15,1,8,3,0,0,0,0,0,0,0,0,1
"108939","""18.5636117""","""121.2318118""",14,2,3,5,0,0,0,0,0,0,0,0,1
"108955","""18.5616384""","""121.2365197""",15,1,8,3,0,0,0,0,0,0,0,0,1
"109044","""18.5049842""","""120.5842496""",11,1,6,3,0,0,0,0,0,0,0,0,1
"109150","""18.5636117""","""121.2318118""",14,2,3,5,0,0,0,0,0,0,0,0,1
"109489","""18.22825676""","""120.64801869""",15,1,10,3,0,0,0,0,0,1,0,0,0
"109761","""18.22825676""","""120.64801869""",15,1,10,3,0,0,0,0,0,1,0,0,0
"110020","""18.22825676""","""120.64801869""",15,1,10,3,0,0,0,0,0,1,0,0,0
"110180","""18.22825676""","""120.64801869""",15,1,10,3,0,0,0,0,0,1,0,0,0
"110437","""18.06019744""","""120.5556724""",15,2,7,3,0,0,0,0,0,0,0,0,1
"110578","""18.0544798""","""121.6365218""",12,3,4,3,0,0,0,0,0,0,0,0,0
"112271","""17.4401421""","""120.4686909""",13,1,8,3,0,0,0,0,1,0,0,0,0
"113049","""17.10151921""","""121.85695498""",13,2,4,3,0,0,0,0,0,0,0,0,1
"113431","""17.10151921""","""121.85695498""",13,2,4,3,0,0,0,0,0,0,0,0,1
"113607","""17.10151921""","""121.85695498""",13,2,4,3,0,0,0,0,0,0,0,0,1
"113739","""16.9467367""","""121.7599043""",12,0,6,3,0,0,0,0,0,0,0,0,2
"114152","""16.780389""","""121.6953717""",6,0,2,3,0,0,0,0,0,0,0,0,1
"115444","""16.1563458""","""119.9820155""",12,2,4,3,0,0,0,0,0,0,0,0,1
"115877","""16.1563458""","""119.9820155""",12,2,4,3,0,0,0,0,0,0,0,0,1
"117419","""15.9742269""","""120.5708277""",13,2,5,3,0,0,0,0,0,0,0,0,1
"117425","""15.8732312""","""120.5755703""",14,4,7,3,0,0,0,0,0,0,0,0,0
"118291","""15.7255586""","""120.9197773""",9,0,4,3,0,0,0,0,0,0,0,0,0
"118308","""15.7255586""","""120.9197773""",7,0,2,3,0,0,0,0,0,0,0,0,0
"118606","""15.8732312""","""120.5755703""",14,4,7,3,0,0,0,0,0,0,0,0,0
"118828","""15.7365261""","""120.9314245""",7,1,1,3,0,0,0,0,0,0,0,0,0
"119012","""15.78814262""","""120.97754406""",19,3,4,4,0,0,0,0,0,0,1,0,4
"119115","""15.7255586""","""120.9197773""",9,0,4,3,0,0,0,0,0,0,0,0,0
"119132","""15.7255586""","""120.9197773""",7,0,2,3,0,0,0,0,0,0,0,0,0
"119410","""15.78814262""","""120.97754406""",19,3,4,4,0,0,0,0,0,0,1,0,4
"119507","""15.7255586""","""120.9197773""",9,0,4,3,0,0,0,0,0,0,0,0,0
"119524","""15.7255586""","""120.9197773""",7,0,2,3,0,0,0,0,0,0,0,0,0
"120770","""15.44109561""","""120.59806835""",13,5,3,3,0,0,0,0,0,0,0,0,0
"120809","""15.44112689""","""120.598109""",14,3,3,3,0,0,0,0,0,0,2,0,1
"121124","""15.45808583""","""120.94907856""",10,3,2,3,0,0,0,0,0,0,0,0,1
"121217","""15.3350917""","""119.9727039""",18,5,2,4,0,0,0,0,0,1,0,0,2
"121305","""15.3263036""","""119.9665363""",12,2,4,3,0,0,0,0,0,0,1,0,0
"121487","""15.3350917""","""119.9727039""",18,5,2,4,0,0,0,0,0,1,0,0,2
"121770","""15.44109561""","""120.59806835""",13,5,3,3,0,0,0,0,0,0,0,0,0
"121808","""15.44112689""","""120.598109""",14,3,3,3,0,0,0,0,0,0,2,0,1
"122220","""15.1443757""","""120.5965793""",14,2,7,3,0,0,1,0,0,0,0,0,0
"122422","""15.1443757""","""120.5965793""",14,2,7,3,0,0,1,0,0,0,0,0,0
"122622","""15.1443757""","""120.5965793""",14,2,7,3,0,0,1,0,0,0,0,0,0
"122681","""15.13154926""","""120.59474084""",4,1,0,3,0,0,0,0,0,0,0,0,0
"122870","""15.0086692""","""120.5932049""",12,2,2,3,0,0,0,0,0,1,1,0,0
"122990","""15.2194299""","""120.9867666""",10,2,2,3,0,0,0,0,0,0,0,0,1
"123211","""14.9242613""","""120.2193204""",18,5,7,3,0,0,0,0,1,0,0,0,1
"123568","""14.7635976""","""121.0774848""",15,4,3,7,0,0,0,0,0,0,0,0,0
"123570","""14.7635976""","""121.0774848""",17,2,7,3,0,1,0,0,0,0,1,0,2
"123612","""14.7589892""","""121.1611584""",5,0,1,3,0,0,0,0,0,0,1,0,0
"123997","""14.7663268""","""120.9543166""",11,3,3,3,0,0,0,0,0,0,1,0,0
"124011","""14.77549616""","""121.06482941""",17,3,10,4,0,0,0,0,0,0,0,0,0
"124078","""14.77544687""","""121.06470368""",13,0,9,4,0,0,0,0,0,0,0,0,0
"124106","""14.77035577""","""121.08143136""",18,5,6,4,0,0,0,0,0,0,0,0,2
"124128","""14.7681245""","""120.9837424""",15,1,6,4,0,0,0,0,1,1,0,0,0
"124710","""14.44029085""","""120.46219487""",9,0,5,3,0,0,0,0,0,0,0,0,0
"125001","""14.44029085""","""120.46219487""",9,0,5,3,0,0,0,0,0,0,0,0,0
"125662","""14.3570966""","""120.9453126""",4,0,1,3,0,0,0,0,0,0,0,0,0
"125775","""14.3512911""","""121.0499188""",12,1,2,3,1,0,0,1,0,0,1,0,1
"126031","""14.3667038""","""120.9283101""",5,0,2,3,0,0,0,0,0,0,0,0,0
"126764","""14.3626717""","""121.483164""",3,0,0,3,0,0,0,0,0,0,0,0,0
"126775","""14.27236366""","""121.42079926""",10,0,3,3,0,0,0,0,0,1,0,0,0
"126948","""14.3626717""","""121.483164""",3,0,0,3,0,0,0,0,0,0,0,0,0
"127175","""14.1447664""","""120.9004806""",19,3,8,3,0,0,0,0,0,0,0,0,1
"127191","""14.1575459""","""120.8467631""",13,0,3,3,0,0,0,0,0,1,0,0,0
"127235","""14.1291365""","""120.844871""",12,0,6,3,0,0,0,0,0,0,0,0,2
"127397","""14.1447664""","""120.9004806""",19,3,8,3,0,0,0,0,0,0,0,0,1
"127416","""14.1575459""","""120.8467631""",13,0,3,3,0,0,0,0,0,1,0,0,0
"127467","""14.1291365""","""120.844871""",12,0,6,3,0,0,0,0,0,0,0,0,2
"128270","""13.9705016""","""121.67932""",17,4,5,4,0,0,0,0,0,0,0,0,0
"128483","""13.9705016""","""121.67932""",17,4,5,4,0,0,0,0,0,0,0,0,0
"130419","""13.7476888""","""120.9007836""",11,3,3,3,0,0,0,0,0,0,0,0,1
"130813","""13.6207093""","""123.18962""",11,3,4,3,0,0,0,0,0,0,0,0,0
"131102","""13.6207093""","""123.18962""",11,3,4,3,0,0,0,0,0,0,0,0,0
"131391","""13.6207093""","""123.18962""",11,3,4,3,0,0,0,0,0,0,0,0,0
"131701","""13.5044794""","""120.9002584""",16,1,9,3,0,0,0,0,0,0,0,0,1
"131866","""13.410498""","""121.1756323""",11,0,5,4,0,0,0,0,0,0,0,0,1
"132145","""13.4056637""","""121.1713051""",17,4,5,4,0,0,0,0,0,0,1,0,0
"132455","""13.3583015""","""123.3648801""",8,0,5,3,0,0,0,0,0,0,0,0,0
"132675","""13.3583015""","""123.3648801""",8,0,5,3,0,0,0,0,0,0,0,0,0
"134960","""11.95264451""","""121.93316155""",17,1,6,3,0,0,0,0,0,0,1,0,2
"135324","""11.95264451""","""121.93316155""",17,1,6,3,0,0,0,0,0,0,1,0,2
"135694","""11.95264451""","""121.93316155""",17,1,6,3,0,0,0,0,0,0,1,0,2
"136146","""11.95264451""","""121.93316155""",17,1,6,3,0,0,0,0,0,0,1,0,2
"136249","""11.8105779""","""122.1782763""",5,0,1,3,0,0,0,0,0,0,0,0,0
"137930","""11.8105779""","""122.1782763""",5,0,1,3,0,0,0,0,0,0,0,0,0
"138011","""11.70299488""","""122.36838212""",18,4,10,3,0,0,0,0,0,0,0,0,1
"138273","""11.5967637""","""122.749361""",4,1,0,3,0,0,0,0,0,0,0,0,0
"139313","""11.1997621""","""124.7821353""",13,1,8,3,0,0,0,0,0,0,0,0,0
"139426","""11.1997621""","""124.7821353""",13,1,8,3,0,0,0,0,0,0,0,0,0
"139518","""11.1997621""","""124.7821353""",13,1,8,3,0,0,0,0,0,0,0,0,0
"139527","""11.1808509""","""124.9973513""",10,2,3,3,0,0,0,0,0,0,0,0,0
"139629","""11.1808509""","""124.9973513""",10,2,3,3,0,0,0,0,0,0,0,0,0
"139920","""11.10486035""","""122.04413527""",9,0,4,3,0,0,0,0,0,0,0,0,0
"139943","""11.00705""","""122.62535""",16,1,11,4,0,0,0,0,0,0,0,0,0
"139947","""11.00705""","""122.62535""",15,2,9,4,0,0,0,0,0,0,0,0,0
"140532","""11.1997621""","""124.7821353""",13,1,8,3,0,0,0,0,0,0,0,0,0
"140591","""11.1997621""","""124.7821353""",13,1,8,3,0,0,0,0,0,0,0,0,0
"140674","""11.1808509""","""124.9973513""",10,2,3,3,0,0,0,0,0,0,0,0,0
"140780","""11.1808509""","""124.9973513""",10,2,3,3,0,0,0,0,0,0,0,0,0
"140865","""11.1808509""","""124.9973513""",10,2,3,3,0,0,0,0,0,0,0,0,0
"140912","""11.0411936""","""125.7168924""",11,1,2,3,0,0,0,0,0,0,0,0,1
"140914","""11.0411868""","""125.7169854""",7,0,3,3,0,0,1,0,0,0,0,0,0
"141069","""11.00705""","""122.62535""",16,1,11,4,0,0,0,0,0,0,0,0,0
"141073","""11.00705""","""122.62535""",15,2,9,4,0,0,0,0,0,0,0,0,0
"141375","""11.00705""","""122.62535""",16,1,11,4,0,0,0,0,0,0,0,0,0
"141380","""11.00705""","""122.62535""",15,2,9,4,0,0,0,0,0,0,0,0,0
"141488","""11.00705""","""122.62535""",16,1,11,4,0,0,0,0,0,0,0,0,0
"141493","""11.00705""","""122.62535""",15,2,9,4,0,0,0,0,0,0,0,0,0
"142143","""11.0411936""","""125.7168924""",11,1,2,3,0,0,0,0,0,0,0,0,1
"142145","""11.0411868""","""125.7169854""",7,0,3,3,0,0,1,0,0,0,0,0,0
"143053","""10.6022795""","""122.918393""",13,2,5,3,0,1,0,0,0,0,1,0,1
"143104","""10.6022795""","""122.9183934""",11,2,5,4,0,0,0,0,0,0,0,0,0
"143244","""10.62124564""","""122.96868312""",8,0,4,3,0,0,0,0,0,0,0,0,0
"146474","""10.1331549""","""124.8451148""",16,1,9,3,0,0,0,0,0,0,0,0,1
"146520","""10.1331549""","""124.8451148""",16,1,9,3,0,0,0,0,0,0,0,0,1
"147624","""10.1331549""","""124.8451148""",16,1,9,3,0,0,0,0,0,0,0,0,1
"147674","""10.1331549""","""124.8451148""",16,1,9,3,0,0,0,0,0,0,0,0,1
"147712","""10.1331549""","""124.8451148""",16,1,9,3,0,0,0,0,0,0,0,0,1
"147840","""9.7382823""","""118.7372678""",11,0,6,3,0,0,0,0,0,0,0,0,0
"147977","""9.7382823""","""118.7372678""",11,0,6,3,0,0,0,0,0,0,0,0,0
"148713","""9.7382823""","""118.7372678""",11,0,6,3,0,0,0,0,0,0,0,0,0
"150074","""9.6043101""","""125.9727125""",14,1,5,3,0,0,0,0,0,0,1,0,0
"150075","""9.62115862""","""125.9603557""",7,1,1,3,0,0,0,0,0,0,0,0,0
"150113","""9.43815311""","""118.54785769""",16,1,8,3,0,0,0,0,0,0,0,0,1
"150127","""9.4646932""","""123.2227759""",15,5,7,3,0,0,0,0,0,0,0,0,0
"150321","""9.4646932""","""123.2227759""",15,5,7,3,0,0,0,0,0,0,0,0,0
"150527","""9.4646932""","""123.2227759""",15,5,7,3,0,0,0,0,0,0,0,0,0
"151539","""9.2481778""","""124.718417""",10,3,3,3,0,0,0,0,0,0,0,0,1
"156253","""8.0964864""","""123.4877575""",12,1,3,4,0,0,0,0,0,0,1,0,0
"156344","""8.0964864""","""123.4877575""",12,1,3,4,0,0,0,0,0,0,1,0,0
"157671","""8.0964864""","""123.4877575""",12,1,3,4,0,0,0,0,0,0,1,0,0
"157792","""8.0964864""","""123.4877575""",12,1,3,4,0,0,0,0,0,0,1,0,0
"159412","""7.4513294""","""125.821935""",10,0,6,3,0,0,0,0,0,0,0,0,1
"1605651","""7.3340325""","""124.5630622""",16,2,6,3,0,0,0,0,3,0,0,0,0
"161037","""7.4513294""","""125.821935""",10,0,6,3,0,0,0,0,0,0,0,0,1
"1632371","""7.10282137""","""124.82689656""",17,0,2,3,0,0,0,3,1,0,1,0,0
"166431","""6.6887751""","""124.6734523""",8,1,3,3,0,0,0,0,0,0,1,0,0
"167107","""6.6887751""","""124.6734523""",8,1,3,3,0,0,0,0,0,0,1,0,0
"167785","""6.6887751""","""124.6734523""",8,1,3,3,0,0,0,0,0,0,1,0,0
"168718","""6.5019751""","""124.8368467""",10,4,2,3,0,0,0,0,0,0,0,0,0
"169142","""6.3192263""","""124.9630533""",13,3,4,3,0,0,0,0,0,0,0,0,0
"169368","""6.2232354""","""125.0578258""",15,6,3,3,0,0,0,0,0,0,0,0,0
"171571","""18.5636117""","""121.2318118""",14,2,3,5,0,0,0,0,0,0,0,0,1
"171587","""18.5616384""","""121.2365197""",15,1,8,3,0,0,0,0,0,0,0,0,1
"171601","""18.5051433""","""120.5848431""",17,4,9,3,0,0,0,0,0,0,0,0,1
"171684","""18.5049842""","""120.5842496""",11,1,6,3,0,0,0,0,0,0,0,0,1
"173184","""18.0951958""","""120.5689973""",14,2,8,3,0,0,0,0,0,0,0,0,0
"173418","""18.06019744""","""120.5556724""",15,2,7,3,0,0,0,0,0,0,0,0,1
"173562","""18.1530679""","""120.67861746""",15,3,6,3,0,0,0,0,0,0,0,0,2
"173690","""18.0544798""","""121.6365218""",12,3,4,3,0,0,0,0,0,0,0,0,0
"174991","""17.42294774""","""120.47079369""",10,1,3,3,1,0,0,0,0,0,0,0,1
"175797","""17.16135002""","""121.62965535""",13,0,6,3,0,0,0,0,0,0,0,0,0
"175958","""17.16135002""","""121.62965535""",13,0,6,3,0,0,0,0,0,0,0,0,0
"176473","""16.93620816""","""121.77337688""",16,5,6,4,0,0,0,0,0,0,0,0,0
"178762","""15.979835""","""120.554284""",18,0,12,3,0,0,0,0,0,0,0,0,1
"179048","""15.7674775""","""119.9064418""",9,1,4,3,0,0,0,0,0,0,0,0,0
"180673","""15.4245435""","""120.5993608""",6,1,2,3,0,0,0,0,0,0,0,0,0
"180897","""15.5295157""","""120.987182""",10,1,4,3,0,0,0,0,0,0,0,0,1
"181115","""15.5295157""","""120.987182""",10,1,4,3,0,0,0,0,0,0,0,0,1
"181207","""15.43596804""","""120.93864122""",11,2,3,3,0,0,0,0,0,0,0,0,1
"181492","""15.19752195""","""120.58073563""",9,0,0,3,0,0,0,0,0,0,0,0,2
"181657","""15.33181013""","""120.66018024""",19,1,12,3,0,0,1,0,0,0,0,0,2
"181682","""15.4245435""","""120.5993608""",6,1,2,3,0,0,0,0,0,0,0,0,0
"181832","""15.3443525""","""120.9035136""",19,2,9,3,0,0,0,0,1,0,0,0,2
"181927","""15.1722836""","""120.7642207""",9,2,1,3,0,0,0,0,0,1,0,0,1
"181949","""15.33181013""","""120.66018024""",19,1,12,3,0,0,1,0,0,0,0,0,2
"182029","""15.4245435""","""120.5993608""",6,1,2,3,0,0,0,0,0,0,0,0,0
"182067","""15.33181013""","""120.66018024""",19,1,12,3,0,0,1,0,0,0,0,0,2
"182184","""14.9654438""","""120.1640419""",7,1,2,3,0,0,0,0,0,0,0,0,0
"182631","""15.1722836""","""120.7642207""",9,2,1,3,0,0,0,0,0,1,0,0,1
"182738","""15.04313598""","""120.76856237""",19,3,8,4,0,0,0,0,0,0,0,0,0
"182965","""15.1597003""","""120.9729211""",7,2,1,3,0,0,0,0,0,0,0,0,0
"183212","""15.1597003""","""120.9729211""",7,2,1,3,0,0,0,0,0,0,0,0,0
"183472","""14.7931578""","""121.0263427""",15,3,7,3,0,0,0,1,0,0,0,0,0
"183495","""14.7931578""","""121.0263427""",20,6,5,3,0,0,0,1,0,0,0,0,0
"183668","""14.7817287""","""120.9628837""",15,0,9,3,0,0,0,0,0,0,0,0,1
"184054","""14.4343847""","""120.484968""",13,3,4,3,0,0,0,0,0,0,0,0,0
"184672","""14.4580348""","""121.3411179""",10,0,5,3,0,0,0,0,0,0,0,0,0
"185054","""14.4580348""","""121.3411179""",10,0,5,3,0,0,0,0,0,0,0,0,0
"185325","""14.384106""","""120.9289652""",10,1,5,3,0,0,0,0,0,0,0,0,0
"185494","""14.3488031""","""120.9264589""",10,0,6,3,0,0,0,0,0,0,0,0,0
"185710","""14.1355943""","""120.895545""",14,2,6,3,0,0,0,0,2,0,0,0,0
"186092","""14.223259""","""121.1776812""",10,2,4,3,0,0,0,0,0,0,0,0,0
"186360","""14.3014147""","""121.4561334""",10,0,5,3,0,0,0,0,0,0,0,0,0
"186503","""14.149156""","""121.4618079""",11,2,4,3,0,0,0,0,0,0,0,0,0
"186650","""14.149156""","""121.4618079""",11,2,4,3,0,0,0,0,0,0,0,0,0
"186945","""14.1355943""","""120.895545""",14,2,6,3,0,0,0,0,2,0,0,0,0
"187084","""14.1266766""","""120.8316786""",11,1,5,3,0,0,0,0,0,0,0,0,0
"187218","""14.0710035""","""120.6345468""",11,1,3,4,0,0,0,0,0,0,0,0,1
"187345","""14.1355943""","""120.895545""",14,2,6,3,0,0,0,0,2,0,0,0,0
"187500","""14.1266766""","""120.8316786""",11,1,5,3,0,0,0,0,0,0,0,0,0
"187647","""14.0710035""","""120.6345468""",11,1,3,4,0,0,0,0,0,0,0,0,1
"188065","""14.149156""","""121.4618079""",11,2,4,3,0,0,0,0,0,0,0,0,0
"188279","""14.149156""","""121.4618079""",11,2,4,3,0,0,0,0,0,0,0,0,0
"189125","""13.7689007""","""121.0305146""",16,2,7,3,0,0,0,0,0,0,0,0,2
"189281","""13.7689007""","""121.0305146""",16,2,7,3,0,0,0,0,0,0,0,0,2
"190556","""13.6557504""","""123.2041498""",12,1,3,3,0,0,0,0,0,0,0,0,0
"190797","""13.6557504""","""123.2041498""",12,1,3,3,0,0,0,0,0,0,0,0,0
"191019","""13.6557504""","""123.2041498""",12,1,3,3,0,0,0,0,0,0,0,0,0
"191249","""13.5044794""","""120.9002584""",16,1,9,3,0,0,0,0,0,0,0,0,1
"191451","""13.410498""","""121.1756323""",11,0,5,4,0,0,0,0,0,0,0,0,1
"191661","""13.410498""","""121.1756323""",11,0,5,4,0,0,0,0,0,0,0,0,1
"192317","""13.3901372""","""123.3732074""",15,3,7,4,0,0,0,0,0,0,0,0,0
"192349","""13.3900519""","""123.373509""",13,3,6,3,0,0,0,0,0,0,0,0,0
"192639","""13.3901372""","""123.3732074""",15,3,7,4,0,0,0,0,0,0,0,0,0
"192672","""13.3900519""","""123.373509""",13,3,6,3,0,0,0,0,0,0,0,0,0
"192734","""13.4329366""","""123.5147182""",9,3,3,3,0,0,0,0,0,0,0,0,0
"193434","""13.2336848""","""123.7710095""",6,1,2,3,0,0,0,0,0,0,0,0,0
"196580","""11.6439632""","""122.307865""",9,0,4,3,0,0,0,0,0,0,0,0,1
"197158","""11.6439632""","""122.307865""",9,0,4,3,0,0,0,0,0,0,0,0,1
"197759","""11.70299488""","""122.36838212""",18,4,10,3,0,0,0,0,0,0,0,0,1
"197895","""11.78052069""","""124.88739731""",13,3,5,3,0,0,0,0,0,0,0,0,2
"197937","""11.78052069""","""124.88739731""",13,3,5,3,0,0,0,0,0,0,0,0,2
"198000","""11.6439632""","""122.307865""",9,0,4,3,0,0,0,0,0,0,0,0,1
"198016","""11.6439632""","""122.307865""",9,0,4,3,0,0,0,0,0,0,0,0,1
"198105","""11.6439632""","""122.307865""",9,0,4,3,0,0,0,0,0,0,0,0,1
"199217","""11.1997621""","""124.7821353""",13,1,8,3,0,0,0,0,0,0,0,0,0
"199397","""11.10486035""","""122.04413527""",9,0,4,3,0,0,0,0,0,0,0,0,0
"199541","""11.00705""","""122.62535""",16,1,11,4,0,0,0,0,0,0,0,0,0
"199545","""11.00705""","""122.62535""",15,2,9,4,0,0,0,0,0,0,0,0,0
"199773","""11.1692005""","""123.8035974""",12,2,4,3,0,0,1,0,0,0,0,0,1
"199810","""11.1692005""","""123.8035974""",12,2,4,3,0,0,1,0,0,0,0,0,1
"199838","""11.1692005""","""123.8035974""",12,2,4,3,0,0,1,0,0,0,0,0,1
"199999","""11.1997621""","""124.7821353""",13,1,8,3,0,0,0,0,0,0,0,0,0
"202068","""10.62124564""","""122.96868312""",8,0,4,3,0,0,0,0,0,0,0,0,0
"202450","""10.62124564""","""122.96868312""",8,0,4,3,0,0,0,0,0,0,0,0,0
"202789","""10.6022795""","""122.918393""",13,2,5,3,0,1,0,0,0,0,1,0,1
"204221","""10.1331549""","""124.8451148""",16,1,9,3,0,0,0,0,0,0,0,0,1
"205699","""10.1331549""","""124.8451148""",16,1,9,3,0,0,0,0,0,0,0,0,1
"208055","""9.6043101""","""125.9727125""",14,1,5,3,0,0,0,0,0,0,1,0,0
"208056","""9.62115862""","""125.9603557""",7,1,1,3,0,0,0,0,0,0,0,0,0
"208085","""9.43815311""","""118.54785769""",16,1,8,3,0,0,0,0,0,0,0,0,1
"208225","""9.3876704""","""122.8277198""",10,0,6,3,0,0,0,0,0,0,0,0,0
"208489","""9.3876704""","""122.8277198""",10,0,6,3,0,0,0,0,0,0,0,0,0
"208815","""9.4646932""","""123.2227759""",15,5,7,3,0,0,0,0,0,0,0,0,0
"210091","""9.0730551""","""126.1941133""",16,2,9,3,0,0,0,0,0,0,0,0,0
"212775","""8.0964864""","""123.4877575""",12,1,3,4,0,0,0,0,0,0,1,0,0
"213009","""8.0964864""","""123.4877575""",12,1,3,4,0,0,0,0,0,0,1,0,0
"214042","""8.0964864""","""123.4877575""",12,1,3,4,0,0,0,0,0,0,1,0,0
"214130","""7.9243166""","""123.7767651""",14,1,7,3,0,0,0,0,0,0,0,0,1
"214139","""7.8310795""","""123.4395393""",13,1,7,3,0,0,0,0,0,0,1,0,0
"214272","""8.0964864""","""123.4877575""",12,1,3,4,0,0,0,0,0,0,1,0,0
"214296","""7.9243166""","""123.7767651""",14,1,7,3,0,0,0,0,0,0,0,0,1
"215000","""7.8003733""","""122.7541563""",8,1,2,3,0,0,0,0,0,0,0,0,0
"215006","""7.8003733""","""122.7541563""",8,1,2,3,0,0,0,0,0,0,0,0,0
"215011","""7.8003733""","""122.7541563""",8,1,2,3,0,0,0,0,0,0,0,0,0
"215021","""7.8003733""","""122.7541563""",8,1,2,3,0,0,0,0,0,0,0,0,0
"216137","""7.2157577""","""124.2543168""",15,0,10,3,0,0,0,0,1,0,0,0,1
"216366","""7.2157577""","""124.2543168""",15,0,10,3,0,0,0,0,1,0,0,0,1
"219061","""7.2157577""","""124.2543168""",15,0,10,3,0,0,0,0,1,0,0,0,1
"219881","""6.9905608""","""125.4824116""",5,0,1,3,0,0,0,0,0,0,0,0,0
"220704","""6.9905608""","""125.4824116""",5,0,1,3,0,0,0,0,0,0,0,0,0
"221326","""6.9905608""","""125.4824116""",5,0,1,3,0,0,0,0,0,0,0,0,0
"222657","""6.9905608""","""125.4824116""",5,0,1,3,0,0,0,0,0,0,0,0,0
"222943","""6.9905608""","""125.4824116""",5,0,1,3,0,0,0,0,0,0,0,0,0
"225382","""6.14907896""","""125.17284177""",7,3,0,3,0,0,0,0,0,0,0,0,0
"225854","""6.14907896""","""125.17284177""",7,3,0,3,0,0,0,0,0,0,0,0,0
