10
20
42
67
77
96
106
138
149
160
264
276
288
321
333
345
464
494
497
502
512
521
532
560
569
578
589
621
630
641
1198
1535
1847
2033
2086
2137
2203
2207
2615
3201
3401
3436
3539
3607
3677
3769
3839
3908
3998
4124
4332
4419
4494
4636
4672
4714
4845
4874
5039
5176
5341
5675
5740
5873
5883
5922
5932
6040
6050
6123
6204
6348
6360
6429
6497
6792
6918
7269
7450
7749
9116
9815
10139
10198
10593
10645
11174
11362
11759
12026
12073
12552
12769
13119
14743
14958
15265
15391
15432
15586
15709
15750
15991
16619
16720
16969
17019
19472
20253
20502
20642
20707
20735
20761
20910
22445
22747
23063
23124
23283
23322
23361
23860
23908
24050
24098
24396
24510
24595
24597
24798
24829
25091
25203
25303
25324
25919
26143
26514
28849
28934
29131
29431
29627
29877
29932
29959
29960
30024
30200
30371
30585
31351
31397
32172
32288
32335
32451
32498
32610
32704
32776
32869
32955
33317
34130
34164
34319
34542
34886
34888
35064
35066
35240
35242
35323
35367
36908
36919
37826
37936
38036
38482
38592
38696
39053
39053
39063
39270
39465
40682
41044
41457
42276
42781
43007
43626
44151
44531
44911
45033
45157
45515
45924
46314
47213
47538
48244
48660
48670
48698
48709
48729
48801
48871
49047
49077
49080
49082
49152
49213
49580
49877
50160
50607
50742
51064
51231
52160
52987
53086
53119
53251
53286
53406
53507
53635
53733
53832
53921
53999
54937
55069
55486
55639
56464
56803
56949
56959
57032
57372
57384
57453
57521
58149
58356
58676
58759
58783
58943
58994
59082
59108
59692
59750
59829
60118
60140
60224
60517
61789
62121
62186
62675
62914
63157
63385
63541
63975
64731
64839
64892
64908
65001
65052
65067
65151
65411
65423
65658
65660
66164
66271
66352
66759
67355
67410
67442
67445
67668
67678
67680
67804
67867
67911
68794
69115
69246
69342
69506
70309
71181
71380
71657
71925
72295
72408
72514
72564
72712
72801
72912
73117
73170
73653
73752
74155
74310
74352
74662
74714
74718
74748
74753
74777
74782
74849
74853
74881
74886
74912
74917
74939
74944
76514
77144
77264
77390
77901
78602
79417
79673
79984
80045
80762
81127
81175
81315
81363
81798
81800
82304
82420
82817
82865
82867
83241
83454
83658
83798
83809
83822
83826
84043
84046
84265
84268
84367
86013
86494
86876
87050
89253
89340
89436
89569
89788
90034
90093
90255
90815
90950
90987
91037
91135
91174
91464
91652
91715
92104
92278
92452
92584
93318
93507
93747
94612
94657
94700
94831
94857
94895
94932
95052
95089
95209
95246
95379
95666
96542
96553
97613
97723
98394
98747
98800
98884
98884
99428
100967
101013
101126
101177
101420
101920
101986
102161
102227
102435
102875
103241
103901
104066
104231
104397
104968
105435
105672
105795
106020
106116
106162
106170
106233
106320
106525
107539
108756
108830
108870
108891
108913
108939
108955
108974
109044
109100
109150
109489
109590
109761
109862
110020
110114
110180
110437
110443
110578
110877
111074
111228
111516
112037
112168
112271
113049
113431
113607
113739
114152
114479
114578
115359
115414
115444
115877
117419
117425
117843
117974
118291
118308
118606
118828
118919
119012
119115
119132
119322
119410
119507
119524
120770
120809
121124
121217
121305
121487
121770
121808
122103
122177
122220
122305
122379
122422
122514
122584
122622
122681
122870
122990
123211
123542
123568
123570
123612
123709
123995
123997
124011
124078
124106
124128
124702
124710
125001
125652
125662
125775
126031
126741
126764
126775
126948
127035
127048
127175
127191
127235
127397
127416
127467
128270
128358
128483
128568
128692
129803
129980
130040
130419
130813
131102
131391
131701
131866
132145
132455
132675
133186
133680
133787
134383
134517
134960
135324
135694
136146
136249
137688
137930
138011
138273
138314
138399
139313
139426
139518
139527
139629
139911
139920
139943
139947
140067
140166
140532
140591
140674
140780
140865
140912
140914
141069
141073
141375
141380
141488
141493
142143
142145
142301
143053
143104
143244
143656
143665
143763
143867
143898
144391
144408
144525
144661
144698
144908
144966
145063
145251
145306
145590
145725
145728
145730
145951
146158
146352
146474
146520
147372
147401
147401
147465
147624
147674
147712
147840
147867
147977
148004
148713
148734
149890
150074
150075
150077
150113
150127
150321
150527
150705
151539
152023
152050
152207
152234
152765
153009
153142
153696
153901
154409
154877
155298
155473
155680
156253
156344
157101
157138
157271
157308
157441
157478
157671
157792
157963
158041
158268
158350
158643
159144
159153
159367
159412
159527
159536
160565
160565
160766
160774
160991
161037
161232
161249
161350
161573
161768
161785
161886
162110
163167
163237
163237
163344
163395
163638
165030
165344
165557
165694
166431
167107
167785
168501
168714
168718
169142
169368
169622
169674
171017
171123
171172
171224
171272
171378
171446
171494
171538
171571
171587
171601
171614
171684
171727
171790
171823
172026
172031
172131
172189
172279
172284
172384
172442
172529
172533
172613
172712
173048
173090
173147
173183
173184
173203
173226
173418
173424
173562
173690
174141
174299
174467
174991
175031
175235
175513
175797
175958
176473
178501
178762
179048
180673
180897
181115
181207
181451
181492
181657
181682
181832
181927
181949
182029
182067
182184
182243
182551
182631
182662
182738
182965
183212
183472
183495
183574
183668
184054
184672
184698
184742
185054
185080
185120
185325
185494
185593
185710
186092
186360
186503
186650
186885
186945
187084
187218
187345
187500
187647
187867
188065
188279
188837
189098
189125
189253
189281
189364
189648
190556
190797
191019
191091
191249
191451
191661
192317
192349
192639
192672
192734
192869
192958
193434
194355
194452
194539
196580
197158
197759
197895
197937
198000
198016
198105
199217
199390
199397
199541
199545
199773
199810
199838
199999
200976
201058
201145
201870
202068
202225
202450
202595
202789
202833
202851
203164
203187
203936
204003
204066
204221
204785
204814
204814
204877
205428
205457
205457
205521
205699
207276
207537
207780
208055
208056
208058
208085
208139
208177
208225
208393
208439
208489
208648
208815
208991
210091
210486
210515
210542
210607
210637
210658
210683
210723
210794
210805
211158
211234
212775
213009
214042
214130
214139
214272
214296
214604
215000
215006
215011
215021
215029
215033
215037
215741
215750
216137
216366
216763
216857
217314
217322
219061
219667
219730
219881
220491
220554
220704
221112
221173
221326
221474
221984
222285
222605
222657
222891
222943
223101
223160
223425
223490
223548
223740
223824
223944
224700
224778
225316
225382
225388
225427
225788
225854
225860
225897
226326
226377
226517
227827
227936
227982
228018
228046
39053
39053
98884
98884
147401
147401
160565
160565
163237
163237
204814
204814
205457
205457
