OBJECTID,pointid,grid_code,latitude,longitude
1,1,104,20.7714062,121.7173767
2,2,104,20.7714062,121.9273758
3,3,103,20.5614071,121.9273758
4,4,103,20.5614071,122.1373825
5,5,102,20.3514061,121.7173767
6,6,102,20.3514061,121.9273758
7,7,102,20.1414070,121.9273758
8,8,100,19.5114059,121.5073776
9,9,101,19.5114059,121.9273758
10,10,101,19.5114059,122.1373825
11,11,100,19.3014069,121.2973785
12,12,100,19.3014069,121.5073776
13,13,99,19.0914059,121.0873795
14,14,99,19.0914059,121.2973785
15,15,98,19.0914059,121.9273758
16,16,97,18.8814068,121.2973785
17,17,97,18.8814068,121.5073776
18,18,98,18.8814068,121.7173767
19,19,98,18.8814068,121.9273758
20,20,96,18.6714058,120.6673813
21,21,96,18.6714058,120.8773804
22,22,96,18.6714058,121.0873795
23,23,96,18.6714058,121.2973785
24,24,95,18.6714058,122.1373825
25,25,96,18.4614067,120.4573822
26,26,96,18.4614067,120.6673813
27,27,96,18.4614067,120.8773804
28,28,96,18.4614067,121.0873795
29,29,96,18.4614067,121.2973785
30,30,96,18.4614067,121.5073776
31,31,96,18.4614067,121.7173767
32,32,95,18.4614067,122.1373825
33,33,96,18.4614067,122.3473816
34,34,96,18.2514057,120.4573822
35,35,96,18.2514057,120.6673813
36,36,96,18.2514057,120.8773804
37,37,96,18.2514057,121.0873795
38,38,96,18.2514057,121.2973785
39,39,96,18.2514057,121.5073776
40,40,96,18.2514057,121.7173767
41,41,96,18.2514057,121.9273758
42,42,96,18.2514057,122.1373825
43,43,96,18.2514057,122.3473816
44,44,96,18.0414066,120.4573822
45,45,96,18.0414066,120.6673813
46,46,96,18.0414066,120.8773804
47,47,96,18.0414066,121.0873795
48,48,96,18.0414066,121.2973785
49,49,96,18.0414066,121.5073776
50,50,96,18.0414066,121.7173767
51,51,96,18.0414066,121.9273758
52,52,96,18.0414066,122.1373825
53,53,96,17.8314056,120.4573822
54,54,96,17.8314056,120.6673813
55,55,96,17.8314056,120.8773804
56,56,96,17.8314056,121.0873795
57,57,96,17.8314056,121.2973785
58,58,96,17.8314056,121.5073776
59,59,96,17.8314056,121.7173767
60,60,96,17.8314056,121.9273758
61,61,96,17.8314056,122.1373825
62,62,96,17.6214066,120.2473755
63,63,96,17.6214066,120.4573822
64,64,96,17.6214066,120.6673813
65,65,96,17.6214066,120.8773804
66,66,96,17.6214066,121.0873795
67,67,96,17.6214066,121.2973785
68,68,96,17.6214066,121.5073776
69,69,96,17.6214066,121.7173767
70,70,96,17.6214066,121.9273758
71,71,96,17.6214066,122.1373825
72,72,96,17.4114056,120.4573822
73,73,96,17.4114056,120.6673813
74,74,96,17.4114056,120.8773804
75,75,96,17.4114056,121.0873795
76,76,96,17.4114056,121.2973785
77,77,96,17.4114056,121.5073776
78,78,96,17.4114056,121.7173767
79,79,96,17.4114056,121.9273758
80,80,96,17.4114056,122.1373825
81,81,96,17.4114056,122.3473816
82,82,96,17.2014065,120.4573822
83,83,96,17.2014065,120.6673813
84,84,96,17.2014065,120.8773804
85,85,96,17.2014065,121.0873795
86,86,96,17.2014065,121.2973785
87,87,96,17.2014065,121.5073776
88,88,96,17.2014065,121.7173767
89,89,96,17.2014065,121.9273758
90,90,96,17.2014065,122.1373825
91,91,96,17.2014065,122.3473816
92,92,96,17.2014065,122.5573807
93,93,96,16.9914055,120.4573822
94,94,96,16.9914055,120.6673813
95,95,96,16.9914055,120.8773804
96,96,96,16.9914055,121.0873795
97,97,96,16.9914055,121.2973785
98,98,96,16.9914055,121.5073776
99,99,96,16.9914055,121.7173767
100,100,96,16.9914055,121.9273758
101,101,96,16.9914055,122.1373825
102,102,96,16.9914055,122.3473816
103,103,96,16.9914055,122.5573807
104,104,96,16.7814064,120.2473755
105,105,96,16.7814064,120.4573822
106,106,96,16.7814064,120.6673813
107,107,96,16.7814064,120.8773804
108,108,96,16.7814064,121.0873795
109,109,96,16.7814064,121.2973785
110,110,96,16.7814064,121.5073776
111,111,96,16.7814064,121.7173767
112,112,96,16.7814064,121.9273758
113,113,96,16.7814064,122.1373825
114,114,96,16.7814064,122.3473816
115,115,96,16.7814064,122.5573807
116,116,96,16.5714054,120.2473755
117,117,96,16.5714054,120.4573822
118,118,96,16.5714054,120.6673813
119,119,96,16.5714054,120.8773804
120,120,96,16.5714054,121.0873795
121,121,96,16.5714054,121.2973785
122,122,96,16.5714054,121.5073776
123,123,96,16.5714054,121.7173767
124,124,96,16.5714054,121.9273758
125,125,96,16.5714054,122.1373825
126,126,96,16.5714054,122.3473816
127,127,94,16.3614063,119.8273773
128,128,94,16.3614063,120.0373764
129,129,96,16.3614063,120.2473755
130,130,96,16.3614063,120.4573822
131,131,96,16.3614063,120.6673813
132,132,96,16.3614063,120.8773804
133,133,96,16.3614063,121.0873795
134,134,96,16.3614063,121.2973785
135,135,96,16.3614063,121.5073776
136,136,96,16.3614063,121.7173767
137,137,96,16.3614063,121.9273758
138,138,96,16.3614063,122.1373825
139,139,96,16.3614063,122.3473816
140,140,96,16.1514053,119.6173782
141,141,96,16.1514053,119.8273773
142,142,94,16.1514053,120.0373764
143,143,96,16.1514053,120.2473755
144,144,96,16.1514053,120.4573822
145,145,96,16.1514053,120.6673813
146,146,96,16.1514053,120.8773804
147,147,96,16.1514053,121.0873795
148,148,96,16.1514053,121.2973785
149,149,96,16.1514053,121.5073776
150,150,96,16.1514053,121.7173767
151,151,96,16.1514053,121.9273758
152,152,96,16.1514053,122.1373825
153,153,96,15.9414063,119.6173782
154,154,96,15.9414063,119.8273773
155,155,96,15.9414063,120.0373764
156,156,96,15.9414063,120.2473755
157,157,96,15.9414063,120.4573822
158,158,96,15.9414063,120.6673813
159,159,96,15.9414063,120.8773804
160,160,96,15.9414063,121.0873795
161,161,96,15.9414063,121.2973785
162,162,96,15.9414063,121.5073776
163,163,96,15.9414063,121.7173767
164,164,96,15.9414063,121.9273758
165,165,96,15.7314062,119.8273773
166,166,96,15.7314062,120.0373764
167,167,96,15.7314062,120.2473755
168,168,96,15.7314062,120.4573822
169,169,96,15.7314062,120.6673813
170,170,96,15.7314062,120.8773804
171,171,96,15.7314062,121.0873795
172,172,96,15.7314062,121.2973785
173,173,96,15.7314062,121.5073776
174,174,96,15.7314062,121.7173767
175,175,96,15.5214062,119.8273773
176,176,96,15.5214062,120.0373764
177,177,96,15.5214062,120.2473755
178,178,96,15.5214062,120.4573822
179,179,96,15.5214062,120.6673813
180,180,96,15.5214062,120.8773804
181,181,96,15.5214062,121.0873795
182,182,96,15.5214062,121.2973785
183,183,96,15.5214062,121.5073776
184,184,96,15.3114061,119.8273773
185,185,96,15.3114061,120.0373764
186,186,96,15.3114061,120.2473755
187,187,96,15.3114061,120.4573822
188,188,96,15.3114061,120.6673813
189,189,96,15.3114061,120.8773804
190,190,96,15.3114061,121.0873795
191,191,96,15.3114061,121.2973785
192,192,96,15.3114061,121.5073776
193,193,96,15.1014061,120.0373764
194,194,96,15.1014061,120.2473755
195,195,96,15.1014061,120.4573822
196,196,96,15.1014061,120.6673813
197,197,96,15.1014061,120.8773804
198,198,96,15.1014061,121.0873795
199,199,96,15.1014061,121.2973785
200,200,96,15.1014061,121.5073776
201,201,93,15.1014061,121.7173767
202,202,93,15.1014061,121.9273758
203,203,93,15.1014061,122.1373825
204,204,96,14.8914061,120.0373764
205,205,96,14.8914061,120.2473755
206,206,96,14.8914061,120.4573822
207,207,96,14.8914061,120.6673813
208,208,96,14.8914061,120.8773804
209,209,96,14.8914061,121.0873795
210,210,96,14.8914061,121.2973785
211,211,96,14.8914061,121.5073776
212,212,93,14.8914061,121.7173767
213,213,93,14.8914061,121.9273758
214,214,92,14.8914061,122.1373825
215,215,92,14.8914061,122.3473816
216,216,96,14.6814060,120.0373764
217,217,96,14.6814060,120.2473755
218,218,96,14.6814060,120.4573822
219,219,96,14.6814060,120.6673813
220,220,96,14.6814060,120.8773804
221,221,96,14.6814060,121.0873795
222,222,96,14.6814060,121.2973785
223,223,96,14.6814060,121.5073776
224,224,96,14.6814060,121.7173767
225,225,93,14.6814060,121.9273758
226,226,92,14.6814060,122.1373825
227,227,91,14.6814060,122.3473816
228,228,91,14.6814060,122.5573807
229,229,96,14.4714060,120.2473755
230,230,96,14.4714060,120.4573822
231,231,96,14.4714060,120.6673813
232,232,96,14.4714060,120.8773804
233,233,96,14.4714060,121.0873795
234,234,96,14.4714060,121.2973785
235,235,96,14.4714060,121.5073776
236,236,96,14.4714060,121.7173767
237,237,96,14.4714060,122.5573807
238,238,96,14.4714060,122.7673798
239,239,96,14.2614059,120.4573822
240,240,96,14.2614059,120.6673813
241,241,96,14.2614059,120.8773804
242,242,96,14.2614059,121.0873795
243,243,96,14.2614059,121.2973785
244,244,96,14.2614059,121.5073776
245,245,96,14.2614059,121.7173767
246,246,90,14.2614059,121.9273758
247,247,96,14.2614059,122.1373825
248,248,96,14.2614059,122.3473816
249,249,96,14.2614059,122.5573807
250,250,96,14.2614059,122.7673798
251,251,96,14.2614059,122.9773788
252,252,96,14.0514059,120.4573822
253,253,96,14.0514059,120.6673813
254,254,96,14.0514059,120.8773804
255,255,96,14.0514059,121.0873795
256,256,96,14.0514059,121.2973785
257,257,96,14.0514059,121.5073776
258,258,87,14.0514059,121.7173767
259,259,90,14.0514059,121.9273758
260,260,90,14.0514059,122.1373825
261,261,96,14.0514059,122.3473816
262,262,96,14.0514059,122.5573807
263,263,96,14.0514059,122.7673798
264,264,96,14.0514059,122.9773788
265,265,96,14.0514059,123.1873779
266,266,96,14.0514059,123.3973770
267,267,88,14.0514059,123.6073761
268,268,89,14.0514059,124.0273819
269,269,89,14.0514059,124.2373810
270,270,89,14.0514059,124.4473801
271,271,86,13.8414059,120.0373764
272,272,85,13.8414059,120.2473755
273,273,85,13.8414059,120.4573822
274,274,96,13.8414059,120.6673813
275,275,96,13.8414059,120.8773804
276,276,96,13.8414059,121.0873795
277,277,96,13.8414059,121.2973785
278,278,96,13.8414059,121.5073776
279,279,87,13.8414059,121.7173767
280,280,87,13.8414059,121.9273758
281,281,96,13.8414059,122.1373825
282,282,96,13.8414059,122.3473816
283,283,96,13.8414059,122.5573807
284,284,96,13.8414059,122.7673798
285,285,96,13.8414059,122.9773788
286,286,96,13.8414059,123.1873779
287,287,96,13.8414059,123.3973770
288,288,88,13.8414059,123.6073761
289,289,96,13.8414059,123.8173828
290,290,89,13.8414059,124.0273819
291,291,89,13.8414059,124.2373810
292,292,89,13.8414059,124.4473801
293,293,86,13.6314058,120.2473755
294,294,82,13.6314058,120.4573822
295,295,82,13.6314058,120.6673813
296,296,82,13.6314058,120.8773804
297,297,82,13.6314058,121.0873795
298,298,96,13.6314058,121.2973785
299,299,96,13.6314058,121.5073776
300,300,83,13.6314058,121.9273758
301,301,83,13.6314058,122.1373825
302,302,96,13.6314058,122.3473816
303,303,96,13.6314058,122.5573807
304,304,96,13.6314058,122.7673798
305,305,96,13.6314058,122.9773788
306,306,96,13.6314058,123.1873779
307,307,96,13.6314058,123.3973770
308,308,96,13.6314058,123.6073761
309,309,96,13.6314058,123.8173828
310,310,89,13.6314058,124.0273819
311,311,89,13.6314058,124.2373810
312,312,89,13.6314058,124.4473801
313,313,82,13.4214058,120.2473755
314,314,82,13.4214058,120.4573822
315,315,82,13.4214058,120.6673813
316,316,82,13.4214058,120.8773804
317,317,82,13.4214058,121.0873795
318,318,82,13.4214058,121.2973785
319,319,83,13.4214058,121.7173767
320,320,83,13.4214058,121.9273758
321,321,83,13.4214058,122.1373825
322,322,96,13.4214058,122.3473816
323,323,96,13.4214058,122.5573807
324,324,96,13.4214058,122.7673798
325,325,96,13.4214058,122.9773788
326,326,96,13.4214058,123.1873779
327,327,96,13.4214058,123.3973770
328,328,96,13.4214058,123.6073761
329,329,81,13.4214058,123.8173828
330,330,80,13.4214058,124.0273819
331,331,89,13.4214058,124.2373810
332,332,82,13.2114067,120.4573822
333,333,82,13.2114067,120.6673813
334,334,82,13.2114067,120.8773804
335,335,82,13.2114067,121.0873795
336,336,82,13.2114067,121.2973785
337,337,82,13.2114067,121.5073776
338,338,83,13.2114067,121.9273758
339,339,83,13.2114067,122.1373825
340,340,96,13.2114067,122.5573807
341,341,96,13.2114067,122.7673798
342,342,78,13.2114067,122.9773788
343,343,96,13.2114067,123.1873779
344,344,96,13.2114067,123.3973770
345,345,96,13.2114067,123.6073761
346,346,80,13.2114067,123.8173828
347,347,79,13.2114067,124.0273819
348,348,79,13.2114067,124.2373810
349,349,82,13.0014067,120.6673813
350,350,82,13.0014067,120.8773804
351,351,82,13.0014067,121.0873795
352,352,82,13.0014067,121.2973785
353,353,82,13.0014067,121.5073776
354,354,77,13.0014067,121.9273758
355,355,77,13.0014067,122.1373825
356,356,78,13.0014067,122.9773788
357,357,78,13.0014067,123.1873779
358,358,96,13.0014067,123.3973770
359,359,96,13.0014067,123.6073761
360,360,96,13.0014067,123.8173828
361,361,96,13.0014067,124.0273819
362,362,96,13.0014067,124.2373810
363,363,82,12.7914066,120.6673813
364,364,82,12.7914066,120.8773804
365,365,82,12.7914066,121.0873795
366,366,82,12.7914066,121.2973785
367,367,82,12.7914066,121.5073776
368,368,74,12.7914066,122.1373825
369,369,78,12.7914066,123.1873779
370,370,78,12.7914066,123.3973770
371,371,76,12.7914066,123.6073761
372,372,96,12.7914066,123.8173828
373,373,96,12.7914066,124.0273819
374,374,96,12.7914066,124.2373810
375,375,75,12.7914066,125.0773773
376,376,82,12.5814066,120.8773804
377,377,82,12.5814066,121.0873795
378,378,82,12.5814066,121.2973785
379,379,82,12.5814066,121.5073776
380,380,74,12.5814066,121.9273758
381,381,72,12.5814066,122.1373825
382,382,72,12.5814066,122.3473816
383,383,70,12.5814066,122.5573807
384,384,71,12.5814066,123.1873779
385,385,71,12.5814066,123.3973770
386,386,71,12.5814066,123.6073761
387,387,76,12.5814066,123.8173828
388,388,96,12.5814066,124.0273819
389,389,68,12.5814066,124.2373810
390,390,73,12.5814066,124.4473801
391,391,73,12.5814066,124.6573792
392,392,73,12.5814066,124.8673782
393,393,73,12.5814066,125.0773773
394,394,73,12.5814066,125.2873764
395,395,67,12.3714066,119.8273773
396,396,67,12.3714066,120.0373764
397,397,82,12.3714066,120.8773804
398,398,66,12.3714066,121.0873795
399,399,82,12.3714066,121.2973785
400,400,82,12.3714066,121.5073776
401,401,74,12.3714066,121.9273758
402,402,74,12.3714066,122.1373825
403,403,70,12.3714066,122.3473816
404,404,70,12.3714066,122.5573807
405,405,70,12.3714066,122.7673798
406,406,71,12.3714066,123.1873779
407,407,71,12.3714066,123.3973770
408,408,71,12.3714066,123.6073761
409,409,71,12.3714066,123.8173828
410,410,69,12.3714066,124.0273819
411,411,68,12.3714066,124.2373810
412,412,73,12.3714066,124.4473801
413,413,73,12.3714066,124.6573792
414,414,73,12.3714066,124.8673782
415,415,73,12.3714066,125.0773773
416,416,73,12.3714066,125.2873764
417,417,73,12.3714066,125.4973755
418,418,67,12.1614065,119.8273773
419,419,67,12.1614065,120.0373764
420,420,67,12.1614065,120.2473755
421,421,67,12.1614065,120.4573822
422,422,66,12.1614065,121.0873795
423,423,65,12.1614065,121.2973785
424,424,65,12.1614065,121.5073776
425,425,64,12.1614065,121.9273758
426,426,74,12.1614065,122.1373825
427,427,70,12.1614065,122.5573807
428,428,71,12.1614065,123.1873779
429,429,71,12.1614065,123.3973770
430,430,71,12.1614065,123.6073761
431,431,71,12.1614065,123.8173828
432,432,71,12.1614065,124.0273819
433,433,63,12.1614065,124.2373810
434,434,73,12.1614065,124.4473801
435,435,73,12.1614065,124.6573792
436,436,73,12.1614065,124.8673782
437,437,73,12.1614065,125.0773773
438,438,73,12.1614065,125.2873764
439,439,73,12.1614065,125.4973755
440,440,61,11.9514065,119.8273773
441,441,61,11.9514065,120.0373764
442,442,62,11.9514065,120.2473755
443,443,67,11.9514065,120.4573822
444,444,65,11.9514065,121.2973785
445,445,58,11.9514065,121.5073776
446,446,60,11.9514065,121.7173767
447,447,59,11.9514065,121.9273758
448,448,59,11.9514065,122.1373825
449,449,71,11.9514065,123.1873779
450,450,71,11.9514065,123.3973770
451,451,71,11.9514065,123.6073761
452,452,71,11.9514065,123.8173828
453,453,71,11.9514065,124.0273819
454,454,63,11.9514065,124.2373810
455,455,73,11.9514065,124.4473801
456,456,73,11.9514065,124.6573792
457,457,73,11.9514065,124.8673782
458,458,73,11.9514065,125.0773773
459,459,73,11.9514065,125.2873764
460,460,73,11.9514065,125.4973755
461,461,61,11.7414064,119.8273773
462,462,61,11.7414064,120.0373764
463,463,62,11.7414064,120.2473755
464,464,58,11.7414064,121.5073776
465,465,59,11.7414064,121.7173767
466,466,59,11.7414064,121.9273758
467,467,59,11.7414064,122.1373825
468,468,59,11.7414064,122.3473816
469,469,59,11.7414064,122.5573807
470,470,59,11.7414064,122.7673798
471,471,71,11.7414064,124.0273819
472,472,54,11.7414064,124.2373810
473,473,54,11.7414064,124.4473801
474,474,54,11.7414064,124.6573792
475,475,55,11.7414064,124.8673782
476,476,73,11.7414064,125.0773773
477,477,73,11.7414064,125.2873764
478,478,73,11.7414064,125.4973755
479,479,51,11.5314064,119.4073792
480,480,52,11.5314064,119.6173782
481,481,52,11.5314064,119.8273773
482,482,59,11.5314064,121.9273758
483,483,59,11.5314064,122.1373825
484,484,59,11.5314064,122.3473816
485,485,59,11.5314064,122.5573807
486,486,59,11.5314064,122.7673798
487,487,59,11.5314064,122.9773788
488,488,59,11.5314064,123.1873779
489,489,53,11.5314064,124.2373810
490,490,53,11.5314064,124.4473801
491,491,54,11.5314064,124.6573792
492,492,53,11.5314064,124.8673782
493,493,73,11.5314064,125.0773773
494,494,73,11.5314064,125.2873764
495,495,73,11.5314064,125.4973755
496,496,51,11.3214064,119.4073792
497,497,48,11.3214064,119.6173782
498,498,52,11.3214064,119.8273773
499,499,59,11.3214064,121.9273758
500,500,59,11.3214064,122.1373825
501,501,59,11.3214064,122.3473816
502,502,59,11.3214064,122.5573807
503,503,59,11.3214064,122.7673798
504,504,59,11.3214064,122.9773788
505,505,59,11.3214064,123.1873779
506,506,50,11.3214064,123.6073761
507,507,50,11.3214064,123.8173828
508,508,49,11.3214064,124.0273819
509,509,53,11.3214064,124.2373810
510,510,53,11.3214064,124.4473801
511,511,53,11.3214064,124.6573792
512,512,53,11.3214064,124.8673782
513,513,53,11.3214064,125.0773773
514,514,73,11.3214064,125.2873764
515,515,73,11.3214064,125.4973755
516,516,73,11.3214064,125.7073822
517,517,51,11.1114063,119.1973801
518,518,51,11.1114063,119.4073792
519,519,47,11.1114063,119.6173782
520,520,59,11.1114063,121.9273758
521,521,59,11.1114063,122.1373825
522,522,59,11.1114063,122.3473816
523,523,59,11.1114063,122.5573807
524,524,59,11.1114063,122.7673798
525,525,59,11.1114063,122.9773788
526,526,46,11.1114063,123.1873779
527,527,50,11.1114063,123.6073761
528,528,49,11.1114063,123.8173828
529,529,49,11.1114063,124.0273819
530,530,53,11.1114063,124.2373810
531,531,53,11.1114063,124.4473801
532,532,53,11.1114063,124.6573792
533,533,53,11.1114063,124.8673782
534,534,53,11.1114063,125.0773773
535,535,73,11.1114063,125.2873764
536,536,73,11.1114063,125.4973755
537,537,73,11.1114063,125.7073822
538,538,51,10.9014063,119.1973801
539,539,51,10.9014063,119.4073792
540,540,47,10.9014063,119.6173782
541,541,45,10.9014063,120.8773804
542,542,45,10.9014063,121.0873795
543,543,59,10.9014063,121.9273758
544,544,59,10.9014063,122.1373825
545,545,59,10.9014063,122.3473816
546,546,59,10.9014063,122.5573807
547,547,59,10.9014063,122.7673798
548,548,46,10.9014063,122.9773788
549,549,46,10.9014063,123.1873779
550,550,46,10.9014063,123.3973770
551,551,46,10.9014063,123.6073761
552,552,49,10.9014063,123.8173828
553,553,49,10.9014063,124.0273819
554,554,53,10.9014063,124.2373810
555,555,43,10.9014063,124.4473801
556,556,43,10.9014063,124.6573792
557,557,53,10.9014063,124.8673782
558,558,53,10.9014063,125.0773773
559,559,44,10.9014063,125.7073822
560,560,51,10.6914063,119.1973801
561,561,51,10.6914063,119.4073792
562,562,51,10.6914063,119.6173782
563,563,40,10.6914063,119.8273773
564,564,40,10.6914063,120.0373764
565,565,45,10.6914063,121.0873795
566,566,59,10.6914063,121.9273758
567,567,59,10.6914063,122.1373825
568,568,59,10.6914063,122.3473816
569,569,42,10.6914063,122.5573807
570,570,42,10.6914063,122.7673798
571,571,46,10.6914063,122.9773788
572,572,46,10.6914063,123.1873779
573,573,46,10.6914063,123.3973770
574,574,46,10.6914063,123.6073761
575,575,49,10.6914063,123.8173828
576,576,49,10.6914063,124.0273819
577,577,41,10.6914063,124.2373810
578,578,41,10.6914063,124.4473801
579,579,41,10.6914063,124.6573792
580,580,53,10.6914063,124.8673782
581,581,53,10.6914063,125.0773773
582,582,53,10.6914063,125.2873764
583,583,44,10.6914063,125.7073822
584,584,44,10.6914063,125.9173813
585,585,51,10.4814062,118.9873810
586,586,51,10.4814062,119.1973801
587,587,51,10.4814062,119.4073792
588,588,40,10.4814062,119.6173782
589,589,40,10.4814062,119.8273773
590,590,40,10.4814062,120.0373764
591,591,59,10.4814062,121.9273758
592,592,59,10.4814062,122.1373825
593,593,42,10.4814062,122.3473816
594,594,42,10.4814062,122.5573807
595,595,42,10.4814062,122.7673798
596,596,46,10.4814062,122.9773788
597,597,46,10.4814062,123.1873779
598,598,46,10.4814062,123.3973770
599,599,49,10.4814062,123.6073761
600,600,49,10.4814062,123.8173828
601,601,49,10.4814062,124.0273819
602,602,41,10.4814062,124.2373810
603,603,53,10.4814062,124.6573792
604,604,53,10.4814062,124.8673782
605,605,53,10.4814062,125.0773773
606,606,53,10.4814062,125.2873764
607,607,39,10.4814062,125.4973755
608,608,39,10.4814062,125.7073822
609,609,51,10.2714062,118.7773819
610,610,51,10.2714062,118.9873810
611,611,51,10.2714062,119.1973801
612,612,51,10.2714062,119.4073792
613,613,51,10.2714062,119.6173782
614,614,59,10.2714062,121.9273758
615,615,42,10.2714062,122.5573807
616,616,46,10.2714062,122.7673798
617,617,46,10.2714062,122.9773788
618,618,46,10.2714062,123.1873779
619,619,46,10.2714062,123.3973770
620,620,49,10.2714062,123.6073761
621,621,38,10.2714062,123.8173828
622,622,38,10.2714062,124.0273819
623,623,37,10.2714062,124.2373810
624,624,37,10.2714062,124.4473801
625,625,36,10.2714062,124.6573792
626,626,53,10.2714062,124.8673782
627,627,53,10.2714062,125.0773773
628,628,53,10.2714062,125.2873764
629,629,39,10.2714062,125.4973755
630,630,39,10.2714062,125.7073822
631,631,51,10.0614061,118.5673828
632,632,51,10.0614061,118.7773819
633,633,51,10.0614061,118.9873810
634,634,51,10.0614061,119.1973801
635,635,46,10.0614061,122.3473816
636,636,46,10.0614061,122.5573807
637,637,46,10.0614061,122.7673798
638,638,46,10.0614061,122.9773788
639,639,46,10.0614061,123.1873779
640,640,46,10.0614061,123.3973770
641,641,49,10.0614061,123.6073761
642,642,49,10.0614061,123.8173828
643,643,37,10.0614061,124.0273819
644,644,37,10.0614061,124.2373810
645,645,36,10.0614061,124.4473801
646,646,36,10.0614061,124.6573792
647,647,53,10.0614061,124.8673782
648,648,53,10.0614061,125.0773773
649,649,53,10.0614061,125.2873764
650,650,39,10.0614061,125.4973755
651,651,39,10.0614061,125.7073822
652,652,35,10.0614061,125.9173813
653,653,35,10.0614061,126.1273804
654,654,51,9.8514061,118.5673828
655,655,51,9.8514061,118.7773819
656,656,51,9.8514061,118.9873810
657,657,46,9.8514061,122.3473816
658,658,46,9.8514061,122.5573807
659,659,46,9.8514061,122.7673798
660,660,46,9.8514061,122.9773788
661,661,46,9.8514061,123.1873779
662,662,49,9.8514061,123.3973770
663,663,49,9.8514061,123.6073761
664,664,37,9.8514061,123.8173828
665,665,37,9.8514061,124.0273819
666,666,37,9.8514061,124.2373810
667,667,37,9.8514061,124.4473801
668,668,37,9.8514061,124.6573792
669,669,33,9.8514061,125.2873764
670,670,33,9.8514061,125.4973755
671,671,34,9.8514061,125.7073822
672,672,31,9.8514061,125.9173813
673,673,31,9.8514061,126.1273804
674,674,51,9.6414061,118.3573761
675,675,51,9.6414061,118.5673828
676,676,51,9.6414061,118.7773819
677,677,46,9.6414061,122.3473816
678,678,46,9.6414061,122.5573807
679,679,46,9.6414061,122.7673798
680,680,46,9.6414061,122.9773788
681,681,46,9.6414061,123.1873779
682,682,49,9.6414061,123.3973770
683,683,30,9.6414061,123.6073761
684,684,30,9.6414061,123.8173828
685,685,37,9.6414061,124.0273819
686,686,37,9.6414061,124.2373810
687,687,37,9.6414061,124.4473801
688,688,37,9.6414061,124.6573792
689,689,33,9.6414061,125.2873764
690,690,33,9.6414061,125.4973755
691,691,33,9.6414061,125.7073822
692,692,31,9.6414061,125.9173813
693,693,31,9.6414061,126.1273804
694,694,51,9.4314060,118.1473770
695,695,51,9.4314060,118.3573761
696,696,51,9.4314060,118.5673828
697,697,46,9.4314060,122.5573807
698,698,46,9.4314060,122.7673798
699,699,46,9.4314060,122.9773788
700,700,46,9.4314060,123.1873779
701,701,46,9.4314060,123.3973770
702,702,29,9.4314060,123.6073761
703,703,30,9.4314060,123.8173828
704,704,33,9.4314060,125.4973755
705,705,33,9.4314060,125.7073822
706,706,32,9.4314060,125.9173813
707,707,33,9.4314060,126.1273804
708,708,51,9.2214060,117.7273788
709,709,51,9.2214060,117.9373779
710,710,51,9.2214060,118.1473770
711,711,51,9.2214060,118.3573761
712,712,51,9.2214060,118.5673828
713,713,46,9.2214060,122.7673798
714,714,46,9.2214060,122.9773788
715,715,46,9.2214060,123.1873779
716,716,29,9.2214060,123.3973770
717,717,29,9.2214060,123.6073761
718,718,29,9.2214060,123.8173828
719,719,28,9.2214060,124.6573792
720,720,28,9.2214060,124.8673782
721,721,33,9.2214060,125.4973755
722,722,33,9.2214060,125.7073822
723,723,33,9.2214060,125.9173813
724,724,33,9.2214060,126.1273804
725,725,51,9.0114059,117.5173798
726,726,51,9.0114059,117.7273788
727,727,51,9.0114059,117.9373779
728,728,51,9.0114059,118.1473770
729,729,46,9.0114059,122.9773788
730,730,46,9.0114059,123.1873779
731,731,29,9.0114059,123.6073761
732,732,28,9.0114059,124.6573792
733,733,28,9.0114059,124.8673782
734,734,33,9.0114059,125.0773773
735,735,33,9.0114059,125.2873764
736,736,33,9.0114059,125.4973755
737,737,33,9.0114059,125.7073822
738,738,33,9.0114059,125.9173813
739,739,33,9.0114059,126.1273804
740,740,33,9.0114059,126.3373795
741,741,51,8.8014059,117.3073807
742,742,51,8.8014059,117.5173798
743,743,51,8.8014059,117.7273788
744,744,51,8.8014059,117.9373779
745,745,33,8.8014059,123.3973770
746,746,33,8.8014059,123.6073761
747,747,33,8.8014059,124.6573792
748,748,33,8.8014059,124.8673782
749,749,33,8.8014059,125.0773773
750,750,33,8.8014059,125.2873764
751,751,33,8.8014059,125.4973755
752,752,33,8.8014059,125.7073822
753,753,33,8.8014059,125.9173813
754,754,33,8.8014059,126.1273804
755,755,33,8.8014059,126.3373795
756,756,51,8.5914059,117.0973816
757,757,51,8.5914059,117.3073807
758,758,51,8.5914059,117.5173798
759,759,51,8.5914059,117.7273788
760,760,33,8.5914059,122.9773788
761,761,33,8.5914059,123.1873779
762,762,33,8.5914059,123.3973770
763,763,33,8.5914059,123.6073761
764,764,33,8.5914059,123.8173828
765,765,33,8.5914059,124.2373810
766,766,33,8.5914059,124.4473801
767,767,33,8.5914059,124.6573792
768,768,33,8.5914059,124.8673782
769,769,33,8.5914059,125.0773773
770,770,33,8.5914059,125.2873764
771,771,33,8.5914059,125.4973755
772,772,33,8.5914059,125.7073822
773,773,33,8.5914059,125.9173813
774,774,33,8.5914059,126.1273804
775,775,33,8.5914059,126.3373795
776,776,27,8.3814058,117.0973816
777,777,26,8.3814058,117.3073807
778,778,51,8.3814058,117.5173798
779,779,33,8.3814058,122.9773788
780,780,33,8.3814058,123.1873779
781,781,33,8.3814058,123.3973770
782,782,33,8.3814058,123.6073761
783,783,33,8.3814058,123.8173828
784,784,33,8.3814058,124.2373810
785,785,33,8.3814058,124.4473801
786,786,33,8.3814058,124.6573792
787,787,33,8.3814058,124.8673782
788,788,33,8.3814058,125.0773773
789,789,33,8.3814058,125.2873764
790,790,33,8.3814058,125.4973755
791,791,33,8.3814058,125.7073822
792,792,33,8.3814058,125.9173813
793,793,33,8.3814058,126.1273804
794,794,33,8.3814058,126.3373795
795,795,24,8.1714058,116.8873825
796,796,24,8.1714058,117.0973816
797,797,26,8.1714058,117.3073807
798,798,33,8.1714058,122.3473816
799,799,33,8.1714058,122.5573807
800,800,33,8.1714058,122.7673798
801,801,33,8.1714058,122.9773788
802,802,33,8.1714058,123.1873779
803,803,33,8.1714058,123.3973770
804,804,33,8.1714058,123.6073761
805,805,33,8.1714058,123.8173828
806,806,33,8.1714058,124.0273819
807,807,33,8.1714058,124.2373810
808,808,33,8.1714058,124.4473801
809,809,33,8.1714058,124.6573792
810,810,33,8.1714058,124.8673782
811,811,33,8.1714058,125.0773773
812,812,33,8.1714058,125.2873764
813,813,33,8.1714058,125.4973755
814,814,33,8.1714058,125.7073822
815,815,33,8.1714058,125.9173813
816,816,33,8.1714058,126.1273804
817,817,33,8.1714058,126.3373795
818,818,33,8.1714058,126.5473785
819,819,24,7.9614062,116.8873825
820,820,24,7.9614062,117.0973816
821,821,33,7.9614062,122.1373825
822,822,33,7.9614062,122.3473816
823,823,33,7.9614062,122.5573807
824,824,33,7.9614062,122.7673798
825,825,33,7.9614062,122.9773788
826,826,33,7.9614062,123.1873779
827,827,33,7.9614062,123.3973770
828,828,33,7.9614062,123.6073761
829,829,33,7.9614062,123.8173828
830,830,33,7.9614062,124.0273819
831,831,33,7.9614062,124.2373810
832,832,33,7.9614062,124.4473801
833,833,33,7.9614062,124.6573792
834,834,33,7.9614062,124.8673782
835,835,33,7.9614062,125.0773773
836,836,33,7.9614062,125.2873764
837,837,33,7.9614062,125.4973755
838,838,33,7.9614062,125.7073822
839,839,33,7.9614062,125.9173813
840,840,33,7.9614062,126.1273804
841,841,33,7.9614062,126.3373795
842,842,33,7.9614062,126.5473785
843,843,24,7.7514062,116.8873825
844,844,24,7.7514062,117.0973816
845,845,33,7.7514062,122.1373825
846,846,33,7.7514062,122.3473816
847,847,33,7.7514062,122.5573807
848,848,33,7.7514062,122.7673798
849,849,33,7.7514062,122.9773788
850,850,33,7.7514062,123.1873779
851,851,33,7.7514062,123.3973770
852,852,33,7.7514062,123.6073761
853,853,33,7.7514062,123.8173828
854,854,33,7.7514062,124.0273819
855,855,33,7.7514062,124.2373810
856,856,33,7.7514062,124.4473801
857,857,33,7.7514062,124.6573792
858,858,33,7.7514062,124.8673782
859,859,33,7.7514062,125.0773773
860,860,33,7.7514062,125.2873764
861,861,33,7.7514062,125.4973755
862,862,33,7.7514062,125.7073822
863,863,33,7.7514062,125.9173813
864,864,33,7.7514062,126.1273804
865,865,33,7.7514062,126.3373795
866,866,33,7.7514062,126.5473785
867,867,33,7.5414062,122.1373825
868,868,33,7.5414062,122.3473816
869,869,33,7.5414062,122.5573807
870,870,23,7.5414062,122.7673798
871,871,23,7.5414062,122.9773788
872,872,33,7.5414062,123.1873779
873,873,33,7.5414062,123.3973770
874,874,33,7.5414062,124.0273819
875,875,33,7.5414062,124.2373810
876,876,33,7.5414062,124.4473801
877,877,33,7.5414062,124.6573792
878,878,33,7.5414062,124.8673782
879,879,33,7.5414062,125.0773773
880,880,33,7.5414062,125.2873764
881,881,33,7.5414062,125.4973755
882,882,33,7.5414062,125.7073822
883,883,33,7.5414062,125.9173813
884,884,33,7.5414062,126.1273804
885,885,33,7.5414062,126.3373795
886,886,33,7.5414062,126.5473785
887,887,33,7.3314061,121.9273758
888,888,33,7.3314061,122.1373825
889,889,33,7.3314061,122.3473816
890,890,23,7.3314061,122.7673798
891,891,23,7.3314061,122.9773788
892,892,33,7.3314061,123.1873779
893,893,33,7.3314061,123.3973770
894,894,33,7.3314061,124.0273819
895,895,33,7.3314061,124.2373810
896,896,33,7.3314061,124.4473801
897,897,33,7.3314061,124.6573792
898,898,33,7.3314061,124.8673782
899,899,33,7.3314061,125.0773773
900,900,33,7.3314061,125.2873764
901,901,33,7.3314061,125.4973755
902,902,22,7.3314061,125.7073822
903,903,33,7.3314061,125.9173813
904,904,33,7.3314061,126.1273804
905,905,33,7.3314061,126.3373795
906,906,33,7.3314061,126.5473785
907,907,21,7.1214061,118.3573761
908,908,21,7.1214061,118.5673828
909,909,33,7.1214061,121.9273758
910,910,33,7.1214061,122.1373825
911,911,20,7.1214061,122.3473816
912,912,33,7.1214061,124.0273819
913,913,33,7.1214061,124.2373810
914,914,33,7.1214061,124.4473801
915,915,33,7.1214061,124.6573792
916,916,33,7.1214061,124.8673782
917,917,33,7.1214061,125.0773773
918,918,33,7.1214061,125.2873764
919,919,33,7.1214061,125.4973755
920,920,22,7.1214061,125.7073822
921,921,22,7.1214061,125.9173813
922,922,33,7.1214061,126.1273804
923,923,33,7.1214061,126.3373795
924,924,33,7.1214061,126.5473785
925,925,21,6.9114060,118.3573761
926,926,21,6.9114060,118.5673828
927,927,33,6.9114060,121.9273758
928,928,20,6.9114060,122.1373825
929,929,20,6.9114060,122.3473816
930,930,33,6.9114060,123.8173828
931,931,33,6.9114060,124.0273819
932,932,33,6.9114060,124.2373810
933,933,33,6.9114060,124.4473801
934,934,33,6.9114060,124.6573792
935,935,33,6.9114060,124.8673782
936,936,33,6.9114060,125.0773773
937,937,33,6.9114060,125.2873764
938,938,33,6.9114060,125.4973755
939,939,19,6.9114060,125.7073822
940,940,22,6.9114060,125.9173813
941,941,33,6.9114060,126.1273804
942,942,33,6.9114060,126.3373795
943,943,33,6.9114060,126.5473785
944,944,17,6.7014065,121.5073776
945,945,17,6.7014065,121.7173767
946,946,18,6.7014065,121.9273758
947,947,18,6.7014065,122.1373825
948,948,18,6.7014065,122.3473816
949,949,33,6.7014065,124.0273819
950,950,33,6.7014065,124.2373810
951,951,33,6.7014065,124.4473801
952,952,33,6.7014065,124.6573792
953,953,33,6.7014065,124.8673782
954,954,33,6.7014065,125.0773773
955,955,33,6.7014065,125.2873764
956,956,33,6.7014065,125.4973755
957,957,33,6.7014065,126.1273804
958,958,33,6.7014065,126.3373795
959,959,16,6.4914064,120.6673813
960,960,17,6.4914064,121.5073776
961,961,17,6.4914064,121.7173767
962,962,18,6.4914064,121.9273758
963,963,18,6.4914064,122.1373825
964,964,18,6.4914064,122.3473816
965,965,33,6.4914064,124.0273819
966,966,33,6.4914064,124.2373810
967,967,33,6.4914064,124.4473801
968,968,33,6.4914064,124.6573792
969,969,33,6.4914064,124.8673782
970,970,33,6.4914064,125.0773773
971,971,33,6.4914064,125.2873764
972,972,33,6.4914064,125.4973755
973,973,33,6.4914064,125.7073822
974,974,33,6.4914064,126.1273804
975,975,33,6.4914064,126.3373795
976,976,16,6.2814064,120.4573822
977,977,16,6.2814064,120.6673813
978,978,18,6.2814064,121.9273758
979,979,33,6.2814064,124.0273819
980,980,33,6.2814064,124.2373810
981,981,33,6.2814064,124.4473801
982,982,33,6.2814064,124.6573792
983,983,33,6.2814064,124.8673782
984,984,33,6.2814064,125.0773773
985,985,33,6.2814064,125.2873764
986,986,33,6.2814064,125.4973755
987,987,33,6.2814064,125.7073822
988,988,33,6.2814064,126.1273804
989,989,33,6.2814064,126.3373795
990,990,14,6.0714064,120.8773804
991,991,14,6.0714064,121.0873795
992,992,14,6.0714064,121.2973785
993,993,14,6.0714064,121.5073776
994,994,13,6.0714064,121.7173767
995,995,15,6.0714064,121.9273758
996,996,33,6.0714064,124.2373810
997,997,33,6.0714064,124.4473801
998,998,33,6.0714064,124.6573792
999,999,33,6.0714064,124.8673782
1000,1000,33,6.0714064,125.0773773
1001,1001,33,6.0714064,125.2873764
1002,1002,33,6.0714064,125.4973755
1003,1003,33,6.0714064,125.7073822
1004,1004,11,5.8614063,120.8773804
1005,1005,12,5.8614063,121.0873795
1006,1006,12,5.8614063,121.2973785
1007,1007,14,5.8614063,121.5073776
1008,1008,13,5.8614063,121.7173767
1009,1009,33,5.8614063,124.6573792
1010,1010,33,5.8614063,124.8673782
1011,1011,33,5.8614063,125.0773773
1012,1012,33,5.8614063,125.2873764
1013,1013,33,5.8614063,125.4973755
1014,1014,33,5.8614063,125.7073822
1015,1015,8,5.6514063,120.6673813
1016,1016,8,5.6514063,120.8773804
1017,1017,12,5.6514063,121.0873795
1018,1018,33,5.6514063,125.2873764
1019,1019,33,5.6514063,125.4973755
1020,1020,5,5.4414063,120.2473755
1021,1021,8,5.4414063,120.6673813
1022,1022,8,5.4414063,120.8773804
1023,1023,6,5.4414063,125.2873764
1024,1024,6,5.4414063,125.4973755
1025,1025,3,5.2314062,119.8273773
1026,1026,5,5.2314062,120.0373764
1027,1027,4,5.2314062,120.2473755
1028,1028,1,5.0214062,119.4073792
1029,1029,3,5.0214062,119.6173782
1030,1030,2,5.0214062,119.8273773
1031,1031,5,5.0214062,120.0373764
1032,1032,5,5.0214062,120.2473755
1033,1033,1,4.8114061,119.4073792
1034,1034,1,4.8114061,119.6173782
1035,1035,2,4.8114061,119.8273773
1036,1036,1,4.6014061,119.4073792